-1.050000e-01 -7.300000e-01 -6.377350e-03 -4.992555e-02 -1.100000e-01 -7.250000e-01 -5.551026e-03 -4.498694e-02
-1.050000e-01 -7.300000e-01 -6.377350e-03 -4.992555e-02 -9.500000e-02 -7.300000e-01 -5.991162e-03 -4.797743e-02
-9.500000e-02 -7.300000e-01 -5.991162e-03 -4.797743e-02 -8.500000e-02 -7.300000e-01 -5.665890e-03 -4.619048e-02
-8.500000e-02 -7.300000e-01 -5.665890e-03 -4.619048e-02 -7.500000e-02 -7.300000e-01 -5.394962e-03 -4.456733e-02
-7.500000e-02 -7.300000e-01 -5.394962e-03 -4.456733e-02 -6.500000e-02 -7.300000e-01 -5.171644e-03 -4.311011e-02
-6.500000e-02 -7.300000e-01 -5.171644e-03 -4.311011e-02 -5.500000e-02 -7.300000e-01 -4.989084e-03 -4.182104e-02
-5.500000e-02 -7.300000e-01 -4.989084e-03 -4.182104e-02 -4.500000e-02 -7.300000e-01 -4.840320e-03 -4.070173e-02
-4.500000e-02 -7.300000e-01 -4.840320e-03 -4.070173e-02 -3.500000e-02 -7.300000e-01 -4.718311e-03 -3.975366e-02
-3.500000e-02 -7.300000e-01 -4.718311e-03 -3.975366e-02 -2.500000e-02 -7.300000e-01 -4.615938e-03 -3.897796e-02
-2.500000e-02 -7.300000e-01 -4.615938e-03 -3.897796e-02 -1.500000e-02 -7.300000e-01 -4.526041e-03 -3.837548e-02
-1.500000e-02 -7.300000e-01 -4.526041e-03 -3.837548e-02 -5.000000e-03 -7.300000e-01 -4.441421e-03 -3.794680e-02
-5.000000e-03 -7.300000e-01 -4.441421e-03 -3.794680e-02 7.285839e-17 -7.250000e-01 -4.270884e-03 -3.163615e-02
-1.850000e-01 -7.200000e-01 -9.167356e-03 -5.950555e-02 -1.900000e-01 -7.150000e-01 -8.037897e-03 -5.548927e-02
-1.850000e-01 -7.200000e-01 -9.167356e-03 -5.950555e-02 -1.750000e-01 -7.200000e-01 -8.210185e-03 -5.630389e-02
-1.750000e-01 -7.200000e-01 -8.210185e-03 -5.630389e-02 -1.650000e-01 -7.200000e-01 -7.364296e-03 -5.323801e-02
-1.650000e-01 -7.200000e-01 -7.364296e-03 -5.323801e-02 -1.550000e-01 -7.200000e-01 -6.624563e-03 -5.031213e-02
-1.550000e-01 -7.200000e-01 -6.624563e-03 -5.031213e-02 -1.450000e-01 -7.200000e-01 -5.985577e-03 -4.753062e-02
-1.450000e-01 -7.200000e-01 -5.985577e-03 -4.753062e-02 -1.350000e-01 -7.200000e-01 -5.441705e-03 -4.489747e-02
-1.350000e-01 -7.200000e-01 -5.441705e-03 -4.489747e-02 -1.250000e-01 -7.200000e-01 -4.987091e-03 -4.241648e-02
-1.250000e-01 -7.200000e-01 -4.987091e-03 -4.241648e-02 -1.150000e-01 -7.200000e-01 -4.615610e-03 -4.009131e-02
-1.100000e-01 -7.250000e-01 -5.551026e-03 -4.498694e-02 -1.150000e-01 -7.200000e-01 -4.615610e-03 -4.009131e-02
7.285839e-17 -7.250000e-01 -4.270884e-03 -3.163615e-02 5.000000e-03 -7.200000e-01 -4.183671e-03 -2.532634e-02
5.000000e-03 -7.200000e-01 -4.183671e-03 -2.532634e-02 1.500000e-02 -7.200000e-01 -4.264361e-03 -2.524087e-02
1.500000e-02 -7.200000e-01 -4.264361e-03 -2.524087e-02 2.500000e-02 -7.200000e-01 -4.328275e-03 -2.533385e-02
2.500000e-02 -7.200000e-01 -4.328275e-03 -2.533385e-02 3.500000e-02 -7.200000e-01 -4.367985e-03 -2.560488e-02
3.500000e-02 -7.200000e-01 -4.367985e-03 -2.560488e-02 4.500000e-02 -7.200000e-01 -4.376134e-03 -2.605292e-02
4.500000e-02 -7.200000e-01 -4.376134e-03 -2.605292e-02 5.500000e-02 -7.200000e-01 -4.345447e-03 -2.667669e-02
5.500000e-02 -7.200000e-01 -4.345447e-03 -2.667669e-02 6.500000e-02 -7.200000e-01 -4.268763e-03 -2.747473e-02
6.500000e-02 -7.200000e-01 -4.268763e-03 -2.747473e-02 7.500000e-02 -7.200000e-01 -4.139054e-03 -2.844510e-02
7.500000e-02 -7.200000e-01 -4.139054e-03 -2.844510e-02 8.000000e-02 -7.150000e-01 -4.614478e-03 -2.287516e-02
-2.250000e-01 -7.100000e-01 -1.040093e-02 -6.255313e-02 -2.300000e-01 -7.050000e-01 -9.184654e-03 -5.903228e-02
-2.250000e-01 -7.100000e-01 -1.040093e-02 -6.255313e-02 -2.150000e-01 -7.100000e-01 -9.067815e-03 -5.876227e-02
-2.150000e-01 -7.100000e-01 -9.067815e-03 -5.876227e-02 -2.050000e-01 -7.100000e-01 -7.868873e-03 -5.508997e-02
-2.050000e-01 -7.100000e-01 -7.868873e-03 -5.508997e-02 -1.950000e-01 -7.100000e-01 -6.800003e-03 -5.154141e-02
-1.900000e-01 -7.150000e-01 -8.037897e-03 -5.548927e-02 -1.950000e-01 -7.100000e-01 -6.800003e-03 -5.154141e-02
8.000000e-02 -7.150000e-01 -4.614478e-03 -2.287516e-02 8.500000e-02 -7.100000e-01 -5.189904e-03 -1.732733e-02
8.500000e-02 -7.100000e-01 -5.189904e-03 -1.732733e-02 9.500000e-02 -7.100000e-01 -5.102492e-03 -1.866909e-02
9.500000e-02 -7.100000e-01 -5.102492e-03 -1.866909e-02 1.050000e-01 -7.100000e-01 -4.939054e-03 -2.018049e-02
1.050000e-01 -7.100000e-01 -4.939054e-03 -2.018049e-02 1.150000e-01 -7.100000e-01 -4.693004e-03 -2.185853e-02
1.150000e-01 -7.100000e-01 -4.693004e-03 -2.185853e-02 1.250000e-01 -7.100000e-01 -4.357964e-03 -2.369990e-02
1.250000e-01 -7.100000e-01 -4.357964e-03 -2.369990e-02 1.300000e-01 -7.050000e-01 -5.143250e-03 -1.866819e-02
-2.650000e-01 -7.000000e-01 -1.283754e-02 -6.823225e-02 -2.700000e-01 -6.950000e-01 -1.161777e-02 -6.519634e-02
-2.650000e-01 -7.000000e-01 -1.283754e-02 -6.823225e-02 -2.550000e-01 -7.000000e-01 -1.102746e-02 -6.391884e-02
-2.550000e-01 -7.000000e-01 -1.102746e-02 -6.391884e-02 -2.450000e-01 -7.000000e-01 -9.370620e-03 -5.970378e-02
-2.450000e-01 -7.000000e-01 -9.370620e-03 -5.970378e-02 -2.350000e-01 -7.000000e-01 -7.864029e-03 -5.559273e-02
-2.300000e-01 -7.050000e-01 -9.184654e-03 -5.903228e-02 -2.350000e-01 -7.000000e-01 -7.864029e-03 -5.559273e-02
1.300000e-01 -7.050000e-01 -5.143250e-03 -1.866819e-02 1.350000e-01 -7.000000e-01 -6.034171e-03 -1.367445e-02
1.350000e-01 -7.000000e-01 -6.034171e-03 -1.367445e-02 1.450000e-01 -7.000000e-01 -5.659010e-03 -1.588686e-02
1.450000e-01 -7.000000e-01 -5.659010e-03 -1.588686e-02 1.550000e-01 -7.000000e-01 -5.173073e-03 -1.825519e-02
1.550000e-01 -7.000000e-01 -5.173073e-03 -1.825519e-02 1.600000e-01 -6.950000e-01 -6.131571e-03 -1.358182e-02
-2.950000e-01 -6.900000e-01 -1.454632e-02 -7.152909e-02 -3.000000e-01 -6.850000e-01 -1.335572e-02 -6.886571e-02
-2.950000e-01 -6.900000e-01 -1.454632e-02 -7.152909e-02 -2.850000e-01 -6.900000e-01 -1.234076e-02 -6.685013e-02
-2.850000e-01 -6.900000e-01 -1.234076e-02 -6.685013e-02 -2.750000e-01 -6.900000e-01 -1.030114e-02 -6.225282e-02
-2.700000e-01 -6.950000e-01 -1.161777e-02 -6.519634e-02 -2.750000e-01 -6.900000e-01 -1.030114e-02 -6.225282e-02
1.600000e-01 -6.950000e-01 -6.131571e-03 -1.358182e-02 1.650000e-01 -6.900000e-01 -7.197714e-03 -8.957090e-03
1.650000e-01 -6.900000e-01 -7.197714e-03 -8.957090e-03 1.750000e-01 -6.900000e-01 -6.620225e-03 -1.169151e-02
1.750000e-01 -6.900000e-01 -6.620225e-03 -1.169151e-02 1.850000e-01 -6.900000e-01 -5.911412e-03 -1.457137e-02
1.850000e-01 -6.900000e-01 -5.911412e-03 -1.457137e-02 1.900000e-01 -6.850000e-01 -6.998805e-03 -1.027006e-02
-3.150000e-01 -6.800000e-01 -1.455042e-02 -7.123327e-02 -3.200000e-01 -6.750000e-01 -1.337851e-02 -6.884347e-02
-3.150000e-01 -6.800000e-01 -1.455042e-02 -7.123327e-02 -3.050000e-01 -6.800000e-01 -1.207557e-02 -6.630229e-02
-3.000000e-01 -6.850000e-01 -1.335572e-02 -6.886571e-02 -3.050000e-01 -6.800000e-01 -1.207557e-02 -6.630229e-02
1.900000e-01 -6.850000e-01 -6.998805e-03 -1.027006e-02 1.950000e-01 -6.800000e-01 -8.193784e-03 -6.028228e-03
1.950000e-01 -6.800000e-01 -8.193784e-03 -6.028228e-03 2.050000e-01 -6.800000e-01 -7.342322e-03 -9.262435e-03
2.050000e-01 -6.800000e-01 -7.342322e-03 -9.262435e-03 2.150000e-01 -6.800000e-01 -6.340865e-03 -1.262908e-02
2.150000e-01 -6.800000e-01 -6.340865e-03 -1.262908e-02 2.200000e-01 -6.750000e-01 -7.509648e-03 -8.707392e-03
-3.350000e-01 -6.700000e-01 -1.489463e-02 -7.171862e-02 -3.400000e-01 -6.650000e-01 -1.376658e-02 -6.959573e-02
-3.350000e-01 -6.700000e-01 -1.489463e-02 -7.171862e-02 -3.250000e-01 -6.700000e-01 -1.212267e-02 -6.655912e-02
-3.200000e-01 -6.750000e-01 -1.337851e-02 -6.884347e-02 -3.250000e-01 -6.700000e-01 -1.212267e-02 -6.655912e-02
2.200000e-01 -6.750000e-01 -7.509648e-03 -8.707392e-03 2.250000e-01 -6.700000e-01 -8.783856e-03 -4.855556e-03
2.250000e-01 -6.700000e-01 -8.783856e-03 -4.855556e-03 2.350000e-01 -6.700000e-01 -7.590562e-03 -8.558078e-03
2.350000e-01 -6.700000e-01 -7.590562e-03 -8.558078e-03 2.450000e-01 -6.700000e-01 -6.230985e-03 -1.237784e-02
2.450000e-01 -6.700000e-01 -6.230985e-03 -1.237784e-02 2.500000e-01 -6.650000e-01 -7.431865e-03 -8.836546e-03
-3.550000e-01 -6.600000e-01 -1.565556e-02 -7.294509e-02 -3.600000e-01 -6.550000e-01 -1.459642e-02 -7.107988e-02
-3.550000e-01 -6.600000e-01 -1.565556e-02 -7.294509e-02 -3.450000e-01 -6.600000e-01 -1.256117e-02 -6.758288e-02
-3.400000e-01 -6.650000e-01 -1.376658e-02 -6.959573e-02 -3.450000e-01 -6.600000e-01 -1.256117e-02 -6.758288e-02
2.500000e-01 -6.650000e-01 -7.431865e-03 -8.836546e-03 2.550000e-01 -6.600000e-01 -8.733894e-03 -5.374882e-03
2.550000e-01 -6.600000e-01 -8.733894e-03 -5.374882e-03 2.650000e-01 -6.600000e-01 -7.136658e-03 -9.505901e-03
2.650000e-01 -6.600000e-01 -7.136658e-03 -9.505901e-03 2.700000e-01 -6.550000e-01 -8.363496e-03 -6.243496e-03
-3.750000e-01 -6.500000e-01 -1.690662e-02 -7.486560e-02 -3.800000e-01 -6.450000e-01 -1.594073e-02 -7.324638e-02
-3.750000e-01 -6.500000e-01 -1.690662e-02 -7.486560e-02 -3.650000e-01 -6.500000e-01 -1.346721e-02 -6.932839e-02
-3.600000e-01 -6.550000e-01 -1.459642e-02 -7.107988e-02 -3.650000e-01 -6.500000e-01 -1.346721e-02 -6.932839e-02
2.700000e-01 -6.550000e-01 -8.363496e-03 -6.243496e-03 2.750000e-01 -6.500000e-01 -9.688175e-03 -3.067875e-03
2.750000e-01 -6.500000e-01 -9.688175e-03 -3.067875e-03 2.850000e-01 -6.500000e-01 -7.821288e-03 -7.491970e-03
2.850000e-01 -6.500000e-01 -7.821288e-03 -7.491970e-03 2.900000e-01 -6.450000e-01 -9.049318e-03 -4.507859e-03
-3.950000e-01 -6.400000e-01 -1.871656e-02 -7.742675e-02 -4.000000e-01 -6.350000e-01 -1.786726e-02 -7.603950e-02
-3.950000e-01 -6.400000e-01 -1.871656e-02 -7.742675e-02 -3.850000e-01 -6.400000e-01 -1.491279e-02 -7.174350e-02
-3.800000e-01 -6.450000e-01 -1.594073e-02 -7.324638e-02 -3.850000e-01 -6.400000e-01 -1.491279e-02 -7.174350e-02
2.900000e-01 -6.450000e-01 -9.049318e-03 -4.507859e-03 2.950000e-01 -6.400000e-01 -1.037081e-02 -1.617208e-03
2.950000e-01 -6.400000e-01 -1.037081e-02 -1.617208e-03 3.050000e-01 -6.400000e-01 -8.204378e-03 -6.313457e-03
3.050000e-01 -6.400000e-01 -8.204378e-03 -6.313457e-03 3.100000e-01 -6.350000e-01 -9.408536e-03 -3.604541e-03
-4.050000e-01 -6.300000e-01 -1.696452e-02 -7.477034e-02 -4.100000e-01 -6.250000e-01 -1.615718e-02 -7.355201e-02
-4.000000e-01 -6.350000e-01 -1.786726e-02 -7.603950e-02 -4.050000e-01 -6.300000e-01 -1.696452e-02 -7.477034e-02
3.100000e-01 -6.350000e-01 -9.408536e-03 -3.604541e-03 3.150000e-01 -6.300000e-01 -1.070073e-02 -9.952831e-04
3.150000e-01 -6.300000e-01 -1.070073e-02 -9.952831e-04 3.200000e-01 -6.250000e-01 -1.192596e-02 1.527190e-03
-4.150000e-01 -6.200000e-01 -1.530153e-02 -7.245373e-02 -4.200000e-01 -6.150000e-01 -1.454632e-02 -7.140123e-02
-4.100000e-01 -6.250000e-01 -1.615718e-02 -7.355201e-02 -4.150000e-01 -6.200000e-01 -1.530153e-02 -7.245373e-02
3.200000e-01 -6.250000e-01 -1.192596e-02 1.527190e-03 3.250000e-01 -6.200000e-01 -1.323663e-02 3.945355e-03
3.250000e-01 -6.200000e-01 -1.323663e-02 3.945355e-03 3.350000e-01 -6.200000e-01 -1.059953e-02 -1.166577e-03
3.350000e-01 -6.200000e-01 -1.059953e-02 -1.166577e-03 3.400000e-01 -6.150000e-01 -1.176027e-02 1.087317e-03
-4.350000e-01 -6.100000e-01 -1.833579e-02 -7.644402e-02 -4.400000e-01 -6.050000e-01 -1.774863e-02 -7.558946e-02
-4.350000e-01 -6.100000e-01 -1.833579e-02 -7.644402e-02 -4.250000e-01 -6.100000e-01 -1.374816e-02 -7.047020e-02
-4.200000e-01 -6.150000e-01 -1.454632e-02 -7.140123e-02 -4.250000e-01 -6.100000e-01 -1.374816e-02 -7.047020e-02
3.400000e-01 -6.150000e-01 -1.176027e-02 1.087317e-03 3.450000e-01 -6.100000e-01 -1.299956e-02 3.232017e-03
3.450000e-01 -6.100000e-01 -1.299956e-02 3.232017e-03 3.550000e-01 -6.100000e-01 -9.992797e-03 -2.088711e-03
3.550000e-01 -6.100000e-01 -9.992797e-03 -2.088711e-03 3.600000e-01 -6.050000e-01 -1.106448e-02 -9.379864e-05
-4.450000e-01 -6.000000e-01 -1.712806e-02 -7.485554e-02 -4.500000e-01 -5.950000e-01 -1.661734e-02 -7.415220e-02
-4.400000e-01 -6.050000e-01 -1.774863e-02 -7.558946e-02 -4.450000e-01 -6.000000e-01 -1.712806e-02 -7.485554e-02
3.600000e-01 -6.050000e-01 -1.106448e-02 -9.379864e-05 3.650000e-01 -6.000000e-01 -1.220713e-02 1.787686e-03
3.650000e-01 -6.000000e-01 -1.220713e-02 1.787686e-03 3.700000e-01 -5.950000e-01 -1.325894e-02 3.600268e-03
-4.550000e-01 -5.900000e-01 -1.607908e-02 -7.356992e-02 -4.600000e-01 -5.850000e-01 -1.565447e-02 -7.301219e-02
-4.500000e-01 -5.950000e-01 -1.661734e-02 -7.415220e-02 -4.550000e-01 -5.900000e-01 -1.607908e-02 -7.356992e-02
3.700000e-01 -5.950000e-01 -1.325894e-02 3.600268e-03 3.750000e-01 -5.900000e-01 -1.437747e-02 5.295906e-03
3.750000e-01 -5.900000e-01 -1.437747e-02 5.295906e-03 3.850000e-01 -5.900000e-01 -1.079216e-02 -3.339911e-04
3.850000e-01 -5.900000e-01 -1.079216e-02 -3.339911e-04 3.900000e-01 -5.850000e-01 -1.171605e-02 1.236596e-03
-4.650000e-01 -5.800000e-01 -1.520833e-02 -7.257541e-02 -4.700000e-01 -5.750000e-01 -1.487911e-02 -7.215710e-02
-4.600000e-01 -5.850000e-01 -1.565447e-02 -7.301219e-02 -4.650000e-01 -5.800000e-01 -1.520833e-02 -7.257541e-02
3.900000e-01 -5.850000e-01 -1.171605e-02 1.236596e-03 3.950000e-01 -5.800000e-01 -1.269807e-02 2.687616e-03
3.950000e-01 -5.800000e-01 -1.269807e-02 2.687616e-03 4.000000e-01 -5.750000e-01 -1.357681e-02 4.082966e-03
-4.750000e-01 -5.700000e-01 -1.453624e-02 -7.184935e-02 -4.800000e-01 -5.650000e-01 -1.431147e-02 -7.156360e-02
-4.700000e-01 -5.750000e-01 -1.487911e-02 -7.215710e-02 -4.750000e-01 -5.700000e-01 -1.453624e-02 -7.184935e-02
4.000000e-01 -5.750000e-01 -1.357681e-02 4.082966e-03 4.050000e-01 -5.700000e-01 -1.450864e-02 5.356007e-03
4.050000e-01 -5.700000e-01 -1.450864e-02 5.356007e-03 4.100000e-01 -5.650000e-01 -1.533231e-02 6.578622e-03
-4.850000e-01 -5.600000e-01 -1.407771e-02 -7.139757e-02 -4.900000e-01 -5.550000e-01 -1.396774e-02 -7.122766e-02
-4.800000e-01 -5.650000e-01 -1.431147e-02 -7.156360e-02 -4.850000e-01 -5.600000e-01 -1.407771e-02 -7.139757e-02
4.100000e-01 -5.650000e-01 -1.533231e-02 6.578622e-03 4.150000e-01 -5.600000e-01 -1.620372e-02 7.676663e-03
4.150000e-01 -5.600000e-01 -1.620372e-02 7.676663e-03 4.200000e-01 -5.550000e-01 -1.696231e-02 8.729644e-03
-4.950000e-01 -5.500000e-01 -1.385346e-02 -7.118540e-02 -5.000000e-01 -5.450000e-01 -1.386333e-02 -7.114272e-02
-4.900000e-01 -5.550000e-01 -1.396774e-02 -7.122766e-02 -4.950000e-01 -5.500000e-01 -1.385346e-02 -7.118540e-02
4.200000e-01 -5.550000e-01 -1.696231e-02 8.729644e-03 4.250000e-01 -5.500000e-01 -1.776309e-02 9.656143e-03
4.250000e-01 -5.500000e-01 -1.776309e-02 9.656143e-03 4.350000e-01 -5.500000e-01 -1.309502e-02 3.620338e-03
4.350000e-01 -5.500000e-01 -1.309502e-02 3.620338e-03 4.400000e-01 -5.450000e-01 -1.366165e-02 4.472213e-03
-5.050000e-01 -5.400000e-01 -1.387680e-02 -7.121603e-02 -5.100000e-01 -5.350000e-01 -1.401592e-02 -7.128254e-02
-5.000000e-01 -5.450000e-01 -1.386333e-02 -7.114272e-02 -5.050000e-01 -5.400000e-01 -1.387680e-02 -7.121603e-02
4.400000e-01 -5.450000e-01 -1.366165e-02 4.472213e-03 4.450000e-01 -5.400000e-01 -1.426061e-02 5.198083e-03
4.450000e-01 -5.400000e-01 -1.426061e-02 5.198083e-03 4.500000e-01 -5.350000e-01 -1.473902e-02 5.894628e-03
-5.150000e-01 -5.300000e-01 -1.416494e-02 -7.146272e-02 -5.200000e-01 -5.250000e-01 -1.444050e-02 -7.162988e-02
-5.100000e-01 -5.350000e-01 -1.401592e-02 -7.128254e-02 -5.150000e-01 -5.300000e-01 -1.416494e-02 -7.146272e-02
4.500000e-01 -5.350000e-01 -1.473902e-02 5.894628e-03 4.550000e-01 -5.300000e-01 -1.524372e-02 6.464334e-03
4.550000e-01 -5.300000e-01 -1.524372e-02 6.464334e-03 4.600000e-01 -5.250000e-01 -1.562468e-02 7.010674e-03
-5.200000e-01 -5.250000e-01 -1.444050e-02 -7.162988e-02 -5.200000e-01 -5.150000e-01 -8.276482e-03 -6.602211e-02
4.600000e-01 -5.250000e-01 -1.562468e-02 7.010674e-03 4.650000e-01 -5.200000e-01 -1.602579e-02 7.429879e-03
4.650000e-01 -5.200000e-01 -1.602579e-02 7.429879e-03 4.700000e-01 -5.150000e-01 -1.630044e-02 7.832036e-03
-5.250000e-01 -5.100000e-01 -8.587742e-03 -6.641145e-02 -5.300000e-01 -5.050000e-01 -9.028583e-03 -6.677807e-02
-5.200000e-01 -5.150000e-01 -8.276482e-03 -6.602211e-02 -5.250000e-01 -5.100000e-01 -8.587742e-03 -6.641145e-02
4.700000e-01 -5.150000e-01 -1.630044e-02 7.832036e-03 4.750000e-01 -5.100000e-01 -1.658889e-02 8.107057e-03
4.750000e-01 -5.100000e-01 -1.658889e-02 8.107057e-03 4.800000e-01 -5.050000e-01 -1.674866e-02 8.371468e-03
-5.350000e-01 -5.000000e-01 -9.495232e-03 -6.725252e-02 -5.400000e-01 -4.950000e-01 -1.009110e-02 -6.769818e-02
-5.300000e-01 -5.050000e-01 -9.028583e-03 -6.677807e-02 -5.350000e-01 -5.000000e-01 -9.495232e-03 -6.725252e-02
4.800000e-01 -5.050000e-01 -1.674866e-02 8.371468e-03 4.850000e-01 -5.000000e-01 -1.691587e-02 8.509219e-03
4.850000e-01 -5.000000e-01 -1.691587e-02 8.509219e-03 4.900000e-01 -4.950000e-01 -1.695252e-02 8.642738e-03
-5.450000e-01 -4.900000e-01 -1.071869e-02 -6.824785e-02 -5.500000e-01 -4.850000e-01 -1.147478e-02 -6.876300e-02
-5.400000e-01 -4.950000e-01 -1.009110e-02 -6.769818e-02 -5.450000e-01 -4.900000e-01 -1.071869e-02 -6.824785e-02
4.900000e-01 -4.950000e-01 -1.695252e-02 8.642738e-03 4.950000e-01 -4.900000e-01 -1.699025e-02 8.650700e-03
4.950000e-01 -4.900000e-01 -1.699025e-02 8.650700e-03 5.000000e-01 -4.850000e-01 -1.689613e-02 8.660837e-03
-5.500000e-01 -4.850000e-01 -1.147478e-02 -6.876300e-02 -5.500000e-01 -4.750000e-01 -5.456495e-03 -6.397507e-02
5.000000e-01 -4.850000e-01 -1.689613e-02 8.660837e-03 5.050000e-01 -4.800000e-01 -1.679933e-02 8.563359e-03
5.050000e-01 -4.800000e-01 -1.679933e-02 8.563359e-03 5.100000e-01 -4.750000e-01 -1.656978e-02 8.474016e-03
-5.550000e-01 -4.700000e-01 -6.291084e-03 -6.468925e-02 -5.600000e-01 -4.650000e-01 -7.254539e-03 -6.535956e-02
-5.500000e-01 -4.750000e-01 -5.456495e-03 -6.397507e-02 -5.550000e-01 -4.700000e-01 -6.291084e-03 -6.468925e-02
5.100000e-01 -4.750000e-01 -1.656978e-02 8.474016e-03 5.100000e-01 -4.650000e-01 -2.280151e-02 1.424969e-02
-5.600000e-01 -4.650000e-01 -7.254539e-03 -6.535956e-02 -5.600000e-01 -4.550000e-01 -1.316962e-03 -6.095202e-02
5.100000e-01 -4.650000e-01 -2.280151e-02 1.424969e-02 5.150000e-01 -4.600000e-01 -2.254199e-02 1.389776e-02
5.150000e-01 -4.600000e-01 -2.254199e-02 1.389776e-02 5.200000e-01 -4.550000e-01 -2.214668e-02 1.356445e-02
-5.650000e-01 -4.500000e-01 -2.377453e-03 -6.181021e-02 -5.700000e-01 -4.450000e-01 -3.566093e-03 -6.261540e-02
-5.600000e-01 -4.550000e-01 -1.316962e-03 -6.095202e-02 -5.650000e-01 -4.500000e-01 -2.377453e-03 -6.181021e-02
5.200000e-01 -4.550000e-01 -2.214668e-02 1.356445e-02 5.250000e-01 -4.500000e-01 -2.172968e-02 1.311033e-02
5.250000e-01 -4.500000e-01 -2.172968e-02 1.311033e-02 5.300000e-01 -4.450000e-01 -2.117714e-02 1.268118e-02
-5.700000e-01 -4.450000e-01 -3.566093e-03 -6.261540e-02 -5.700000e-01 -4.350000e-01 2.260499e-03 -5.857625e-02
5.300000e-01 -4.450000e-01 -2.117714e-02 1.268118e-02 5.350000e-01 -4.400000e-01 -2.059665e-02 1.213431e-02
5.350000e-01 -4.400000e-01 -2.059665e-02 1.213431e-02 5.400000e-01 -4.350000e-01 -1.988157e-02 1.161862e-02
-5.750000e-01 -4.300000e-01 9.571791e-04 -5.955624e-02 -5.800000e-01 -4.250000e-01 -4.723835e-04 -6.047465e-02
-5.700000e-01 -4.350000e-01 2.260499e-03 -5.857625e-02 -5.750000e-01 -4.300000e-01 9.571791e-04 -5.955624e-02
5.400000e-01 -4.350000e-01 -1.988157e-02 1.161862e-02 5.450000e-01 -4.300000e-01 -1.913233e-02 1.098866e-02
5.450000e-01 -4.300000e-01 -1.913233e-02 1.098866e-02 5.500000e-01 -4.250000e-01 -1.824994e-02 1.039584e-02
-5.800000e-01 -4.250000e-01 -4.723835e-04 -6.047465e-02 -5.800000e-01 -4.150000e-01 5.214376e-03 -5.679540e-02
5.500000e-01 -4.250000e-01 -1.824994e-02 1.039584e-02 5.500000e-01 -4.150000e-01 -2.428664e-02 1.502635e-02
-5.850000e-01 -4.100000e-01 3.653326e-03 -5.787358e-02 -5.900000e-01 -4.050000e-01 1.969013e-03 -5.888229e-02
-5.800000e-01 -4.150000e-01 5.214376e-03 -5.679540e-02 -5.850000e-01 -4.100000e-01 3.653326e-03 -5.787358e-02
5.500000e-01 -4.150000e-01 -2.428664e-02 1.502635e-02 5.550000e-01 -4.100000e-01 -2.332015e-02 1.421299e-02
5.550000e-01 -4.100000e-01 -2.332015e-02 1.421299e-02 5.600000e-01 -4.050000e-01 -2.222067e-02 1.344654e-02
-5.900000e-01 -4.050000e-01 1.969013e-03 -5.888229e-02 -5.900000e-01 -3.950000e-01 7.485781e-03 -5.553709e-02
5.600000e-01 -4.050000e-01 -2.222067e-02 1.344654e-02 5.650000e-01 -4.000000e-01 -2.107149e-02 1.257441e-02
5.650000e-01 -4.000000e-01 -2.107149e-02 1.257441e-02 5.700000e-01 -3.950000e-01 -1.979177e-02 1.175467e-02
-5.950000e-01 -3.900000e-01 5.654721e-03 -5.668919e-02 -6.000000e-01 -3.850000e-01 3.703201e-03 -5.775792e-02
-5.900000e-01 -3.950000e-01 7.485781e-03 -5.553709e-02 -5.950000e-01 -3.900000e-01 5.654721e-03 -5.668919e-02
5.700000e-01 -3.950000e-01 -1.979177e-02 1.175467e-02 5.700000e-01 -3.850000e-01 -2.563017e-02 1.575180e-02
-6.000000e-01 -3.850000e-01 3.703201e-03 -5.775792e-02 -6.000000e-01 -3.750000e-01 9.022677e-03 -5.472559e-02
5.700000e-01 -3.850000e-01 -2.563017e-02 1.575180e-02 5.750000e-01 -3.800000e-01 -2.423649e-02 1.473140e-02
5.750000e-01 -3.800000e-01 -2.423649e-02 1.473140e-02 5.800000e-01 -3.750000e-01 -2.271418e-02 1.377261e-02
-6.000000e-01 -3.750000e-01 9.022677e-03 -5.472559e-02 -6.000000e-01 -3.650000e-01 1.428857e-02 -5.186247e-02
5.800000e-01 -3.750000e-01 -2.271418e-02 1.377261e-02 5.850000e-01 -3.700000e-01 -2.112804e-02 1.271943e-02
5.850000e-01 -3.700000e-01 -2.112804e-02 1.271943e-02 5.900000e-01 -3.650000e-01 -1.941684e-02 1.173253e-02
-6.050000e-01 -3.600000e-01 1.209207e-02 -5.312206e-02 -6.100000e-01 -3.550000e-01 9.781852e-03 -5.429489e-02
-6.000000e-01 -3.650000e-01 1.428857e-02 -5.186247e-02 -6.050000e-01 -3.600000e-01 1.209207e-02 -5.312206e-02
5.900000e-01 -3.650000e-01 -1.941684e-02 1.173253e-02 5.900000e-01 -3.550000e-01 -2.497486e-02 1.512285e-02
-6.100000e-01 -3.550000e-01 9.781852e-03 -5.429489e-02 -6.100000e-01 -3.450000e-01 1.481284e-02 -5.171445e-02
5.900000e-01 -3.550000e-01 -2.497486e-02 1.512285e-02 5.950000e-01 -3.500000e-01 -2.312282e-02 1.396062e-02
5.950000e-01 -3.500000e-01 -2.312282e-02 1.396062e-02 6.000000e-01 -3.450000e-01 -2.114948e-02 1.287287e-02
-6.100000e-01 -3.450000e-01 1.481284e-02 -5.171445e-02 -6.100000e-01 -3.350000e-01 1.977344e-02 -4.930188e-02
6.000000e-01 -3.450000e-01 -2.114948e-02 1.287287e-02 6.000000e-01 -3.350000e-01 -2.652218e-02 1.590765e-02
-6.150000e-01 -3.300000e-01 1.718987e-02 -5.062081e-02 -6.200000e-01 -3.250000e-01 1.450003e-02 -5.184467e-02
-6.100000e-01 -3.350000e-01 1.977344e-02 -4.930188e-02 -6.150000e-01 -3.300000e-01 1.718987e-02 -5.062081e-02
6.000000e-01 -3.350000e-01 -2.652218e-02 1.590765e-02 6.050000e-01 -3.300000e-01 -2.439203e-02 1.466046e-02
6.050000e-01 -3.300000e-01 -2.439203e-02 1.466046e-02 6.100000e-01 -3.250000e-01 -2.214540e-02 1.349537e-02
-6.200000e-01 -3.250000e-01 1.450003e-02 -5.184467e-02 -6.200000e-01 -3.150000e-01 1.919157e-02 -4.967904e-02
6.100000e-01 -3.250000e-01 -2.214540e-02 1.349537e-02 6.100000e-01 -3.150000e-01 -2.730037e-02 1.617518e-02
-6.200000e-01 -3.150000e-01 1.919157e-02 -4.967904e-02 -6.200000e-01 -3.050000e-01 2.379549e-02 -4.767092e-02
6.100000e-01 -3.150000e-01 -2.730037e-02 1.617518e-02 6.150000e-01 -3.100000e-01 -2.488256e-02 1.486868e-02
6.150000e-01 -3.100000e-01 -2.488256e-02 1.486868e-02 6.200000e-01 -3.050000e-01 -2.235389e-02 1.365102e-02
-6.250000e-01 -3.000000e-01 2.081013e-02 -4.899951e-02 -6.300000e-01 -2.950000e-01 1.772743e-02 -5.022657e-02
-6.200000e-01 -3.050000e-01 2.379549e-02 -4.767092e-02 -6.250000e-01 -3.000000e-01 2.081013e-02 -4.899951e-02
6.200000e-01 -3.050000e-01 -2.235389e-02 1.365102e-02 6.200000e-01 -2.950000e-01 -2.726365e-02 1.599954e-02
-6.300000e-01 -2.950000e-01 1.772743e-02 -5.022657e-02 -6.300000e-01 -2.850000e-01 2.203273e-02 -4.842532e-02
6.200000e-01 -2.950000e-01 -2.726365e-02 1.599954e-02 6.250000e-01 -2.900000e-01 -2.455121e-02 1.465990e-02
6.250000e-01 -2.900000e-01 -2.455121e-02 1.465990e-02 6.300000e-01 -2.850000e-01 -2.173435e-02 1.341501e-02
-6.300000e-01 -2.850000e-01 2.203273e-02 -4.842532e-02 -6.300000e-01 -2.750000e-01 2.623450e-02 -4.676861e-02
6.300000e-01 -2.850000e-01 -2.173435e-02 1.341501e-02 6.300000e-01 -2.750000e-01 -2.637398e-02 1.545892e-02
-6.300000e-01 -2.750000e-01 2.623450e-02 -4.676861e-02 -6.300000e-01 -2.650000e-01 3.032743e-02 -4.525343e-02
6.300000e-01 -2.750000e-01 -2.637398e-02 1.545892e-02 6.350000e-01 -2.700000e-01 -2.336263e-02 1.411263e-02
6.350000e-01 -2.700000e-01 -2.336263e-02 1.411263e-02 6.400000e-01 -2.650000e-01 -2.025406e-02 1.286589e-02
-6.300000e-01 -2.650000e-01 3.032743e-02 -4.525343e-02 -6.300000e-01 -2.550000e-01 3.430622e-02 -4.387644e-02
6.400000e-01 -2.650000e-01 -2.025406e-02 1.286589e-02 6.400000e-01 -2.550000e-01 -2.460097e-02 1.463449e-02
-6.350000e-01 -2.500000e-01 3.069340e-02 -4.518455e-02 -6.400000e-01 -2.450000e-01 2.699803e-02 -4.638306e-02
-6.300000e-01 -2.550000e-01 3.430622e-02 -4.387644e-02 -6.350000e-01 -2.500000e-01 3.069340e-02 -4.518455e-02
6.400000e-01 -2.550000e-01 -2.460097e-02 1.463449e-02 6.450000e-01 -2.500000e-01 -2.128921e-02 1.330769e-02
6.450000e-01 -2.500000e-01 -2.128921e-02 1.330769e-02 6.500000e-01 -2.450000e-01 -1.788805e-02 1.208425e-02
-6.400000e-01 -2.450000e-01 2.699803e-02 -4.638306e-02 -6.400000e-01 -2.350000e-01 3.063665e-02 -4.514520e-02
6.500000e-01 -2.450000e-01 -1.788805e-02 1.208425e-02 6.500000e-01 -2.350000e-01 -2.192268e-02 1.360887e-02
-6.400000e-01 -2.350000e-01 3.063665e-02 -4.514520e-02 -6.400000e-01 -2.250000e-01 3.414767e-02 -4.402893e-02
6.500000e-01 -2.350000e-01 -2.192268e-02 1.360887e-02 6.500000e-01 -2.250000e-01 -2.584300e-02 1.496523e-02
-6.400000e-01 -2.250000e-01 3.414767e-02 -4.402893e-02 -6.400000e-01 -2.150000e-01 3.752635e-02 -4.302993e-02
6.500000e-01 -2.250000e-01 -2.584300e-02 1.496523e-02 6.550000e-01 -2.200000e-01 -2.212396e-02 1.366117e-02
6.550000e-01 -2.200000e-01 -2.212396e-02 1.366117e-02 6.600000e-01 -2.150000e-01 -1.832589e-02 1.246524e-02
-6.400000e-01 -2.150000e-01 3.752635e-02 -4.302993e-02 -6.400000e-01 -2.050000e-01 4.076813e-02 -4.214363e-02
6.600000e-01 -2.150000e-01 -1.832589e-02 1.246524e-02 6.600000e-01 -2.050000e-01 -2.190742e-02 1.362251e-02
-6.400000e-01 -2.050000e-01 4.076813e-02 -4.214363e-02 -6.400000e-01 -1.950000e-01 4.387938e-02 -4.136332e-02
6.600000e-01 -2.050000e-01 -2.190742e-02 1.362251e-02 6.600000e-01 -1.950000e-01 -2.535852e-02 1.462693e-02
-6.400000e-01 -1.950000e-01 4.387938e-02 -4.136332e-02 -6.400000e-01 -1.850000e-01 4.683380e-02 -4.068762e-02
-1.500000e-02 -1.900000e-01 1.040371e-01 4.761661e-01 -2.000000e-02 -1.850000e-01 1.223323e-01 4.717448e-01
-1.500000e-02 -1.900000e-01 1.040371e-01 4.761661e-01 -5.000000e-03 -1.900000e-01 7.422776e-02 4.820754e-01
-5.000000e-03 -1.900000e-01 7.422776e-02 4.820754e-01 5.000000e-03 -1.900000e-01 4.399768e-02 4.862792e-01
5.000000e-03 -1.900000e-01 4.399768e-02 4.862792e-01 1.500000e-02 -1.900000e-01 1.364881e-02 4.887288e-01
1.500000e-02 -1.900000e-01 1.364881e-02 4.887288e-01 2.500000e-02 -1.900000e-01 -1.651826e-02 4.894193e-01
2.500000e-02 -1.900000e-01 -1.651826e-02 4.894193e-01 3.500000e-02 -1.900000e-01 -4.621735e-02 4.883868e-01
3.500000e-02 -1.900000e-01 -4.621735e-02 4.883868e-01 4.500000e-02 -1.900000e-01 -7.518031e-02 4.856731e-01
4.500000e-02 -1.900000e-01 -7.518031e-02 4.856731e-01 5.500000e-02 -1.900000e-01 -1.031836e-01 4.814410e-01
5.500000e-02 -1.900000e-01 -1.031836e-01 4.814410e-01 6.000000e-02 -1.850000e-01 -1.194178e-01 4.783082e-01
6.600000e-01 -1.950000e-01 -2.535852e-02 1.462693e-02 6.650000e-01 -1.900000e-01 -2.123149e-02 1.339754e-02
6.650000e-01 -1.900000e-01 -2.123149e-02 1.339754e-02 6.700000e-01 -1.850000e-01 -1.703663e-02 1.227892e-02
-6.450000e-01 -1.800000e-01 4.235158e-02 -4.180043e-02 -6.500000e-01 -1.750000e-01 3.781042e-02 -4.279979e-02
-6.400000e-01 -1.850000e-01 4.683380e-02 -4.068762e-02 -6.450000e-01 -1.800000e-01 4.235158e-02 -4.180043e-02
-4.500000e-02 -1.800000e-01 1.993887e-01 4.454652e-01 -5.000000e-02 -1.750000e-01 2.187308e-01 4.368395e-01
-4.500000e-02 -1.800000e-01 1.993887e-01 4.454652e-01 -3.500000e-02 -1.800000e-01 1.712819e-01 4.565923e-01
-3.500000e-02 -1.800000e-01 1.712819e-01 4.565923e-01 -2.500000e-02 -1.800000e-01 1.417463e-01 4.663227e-01
-2.000000e-02 -1.850000e-01 1.223323e-01 4.717448e-01 -2.500000e-02 -1.800000e-01 1.417463e-01 4.663227e-01
6.000000e-02 -1.850000e-01 -1.194178e-01 4.783082e-01 6.500000e-02 -1.800000e-01 -1.365396e-01 4.743926e-01
6.500000e-02 -1.800000e-01 -1.365396e-01 4.743926e-01 7.500000e-02 -1.800000e-01 -1.632864e-01 4.670482e-01
7.500000e-02 -1.800000e-01 -1.632864e-01 4.670482e-01 8.500000e-02 -1.800000e-01 -1.884108e-01 4.585303e-01
8.500000e-02 -1.800000e-01 -1.884108e-01 4.585303e-01 9.000000e-02 -1.750000e-01 -2.048748e-01 4.521552e-01
6.700000e-01 -1.850000e-01 -1.703663e-02 1.227892e-02 6.700000e-01 -1.750000e-01 -2.012868e-02 1.313272e-02
-6.500000e-01 -1.750000e-01 3.781042e-02 -4.279979e-02 -6.500000e-01 -1.650000e-01 4.038773e-02 -4.215921e-02
-6.500000e-02 -1.700000e-01 2.644693e-01 4.126901e-01 -7.000000e-02 -1.650000e-01 2.833759e-01 4.013819e-01
-6.500000e-02 -1.700000e-01 2.644693e-01 4.126901e-01 -5.500000e-02 -1.700000e-01 2.390124e-01 4.269015e-01
-5.000000e-02 -1.750000e-01 2.187308e-01 4.368395e-01 -5.500000e-02 -1.700000e-01 2.390124e-01 4.269015e-01
9.000000e-02 -1.750000e-01 -2.048748e-01 4.521552e-01 9.500000e-02 -1.700000e-01 -2.220557e-01 4.447632e-01
9.500000e-02 -1.700000e-01 -2.220557e-01 4.447632e-01 1.050000e-01 -1.700000e-01 -2.444213e-01 4.338754e-01
1.050000e-01 -1.700000e-01 -2.444213e-01 4.338754e-01 1.100000e-01 -1.650000e-01 -2.603788e-01 4.252333e-01
6.700000e-01 -1.750000e-01 -2.012868e-02 1.313272e-02 6.700000e-01 -1.650000e-01 -2.307637e-02 1.385165e-02
-6.500000e-01 -1.650000e-01 4.038773e-02 -4.215921e-02 -6.500000e-01 -1.550000e-01 4.281089e-02 -4.160110e-02
-7.500000e-02 -1.600000e-01 3.029213e-01 3.884737e-01 -8.000000e-02 -1.550000e-01 3.214136e-01 3.750848e-01
-7.000000e-02 -1.650000e-01 2.833759e-01 4.013819e-01 -7.500000e-02 -1.600000e-01 3.029213e-01 3.884737e-01
1.100000e-01 -1.650000e-01 -2.603788e-01 4.252333e-01 1.150000e-01 -1.600000e-01 -2.768512e-01 4.154923e-01
1.150000e-01 -1.600000e-01 -2.768512e-01 4.154923e-01 1.200000e-01 -1.550000e-01 -2.924908e-01 4.053032e-01
6.700000e-01 -1.650000e-01 -2.307637e-02 1.385165e-02 6.750000e-01 -1.600000e-01 -1.854796e-02 1.274727e-02
6.750000e-01 -1.600000e-01 -1.854796e-02 1.274727e-02 6.800000e-01 -1.550000e-01 -1.396353e-02 1.175407e-02
-6.500000e-01 -1.550000e-01 4.281089e-02 -4.160110e-02 -6.500000e-01 -1.450000e-01 4.508713e-02 -4.111790e-02
-8.500000e-02 -1.500000e-01 3.402919e-01 3.600582e-01 -9.000000e-02 -1.450000e-01 3.578363e-01 3.450960e-01
-8.000000e-02 -1.550000e-01 3.214136e-01 3.750848e-01 -8.500000e-02 -1.500000e-01 3.402919e-01 3.600582e-01
1.200000e-01 -1.550000e-01 -2.924908e-01 4.053032e-01 1.250000e-01 -1.500000e-01 -3.085017e-01 3.939718e-01
1.250000e-01 -1.500000e-01 -3.085017e-01 3.939718e-01 1.350000e-01 -1.500000e-01 -3.254737e-01 3.808825e-01
1.350000e-01 -1.500000e-01 -3.254737e-01 3.808825e-01 1.400000e-01 -1.450000e-01 -3.394950e-01 3.690616e-01
6.800000e-01 -1.550000e-01 -1.396353e-02 1.175407e-02 6.800000e-01 -1.450000e-01 -1.653881e-02 1.237303e-02
-6.500000e-01 -1.450000e-01 4.508713e-02 -4.111790e-02 -6.500000e-01 -1.350000e-01 4.719189e-02 -4.070723e-02
-9.500000e-02 -1.400000e-01 3.753873e-01 3.291311e-01 -1.000000e-01 -1.350000e-01 3.915490e-01 3.129916e-01
-9.000000e-02 -1.450000e-01 3.578363e-01 3.450960e-01 -9.500000e-02 -1.400000e-01 3.753873e-01 3.291311e-01
1.400000e-01 -1.450000e-01 -3.394950e-01 3.690616e-01 1.450000e-01 -1.400000e-01 -3.536197e-01 3.561712e-01
1.450000e-01 -1.400000e-01 -3.536197e-01 3.561712e-01 1.500000e-01 -1.350000e-01 -3.666596e-01 3.432748e-01
6.800000e-01 -1.450000e-01 -1.653881e-02 1.237303e-02 6.800000e-01 -1.350000e-01 -1.895840e-02 1.287707e-02
-6.500000e-01 -1.350000e-01 4.719189e-02 -4.070723e-02 -6.500000e-01 -1.250000e-01 4.913286e-02 -4.036115e-02
-1.050000e-01 -1.300000e-01 4.074853e-01 2.957676e-01 -1.100000e-01 -1.250000e-01 4.219428e-01 2.788894e-01
-1.000000e-01 -1.350000e-01 3.915490e-01 3.129916e-01 -1.050000e-01 -1.300000e-01 4.074853e-01 2.957676e-01
1.500000e-01 -1.350000e-01 -3.666596e-01 3.432748e-01 1.550000e-01 -1.300000e-01 -3.796332e-01 3.293660e-01
1.550000e-01 -1.300000e-01 -3.796332e-01 3.293660e-01 1.600000e-01 -1.250000e-01 -3.914743e-01 3.156059e-01
6.800000e-01 -1.350000e-01 -1.895840e-02 1.287707e-02 6.800000e-01 -1.250000e-01 -2.121795e-02 1.327175e-02
-6.500000e-01 -1.250000e-01 4.913286e-02 -4.036115e-02 -6.500000e-01 -1.150000e-01 5.090729e-02 -4.007338e-02
-1.150000e-01 -1.200000e-01 4.359460e-01 2.611519e-01 -1.200000e-01 -1.150000e-01 4.485080e-01 2.439597e-01
-1.100000e-01 -1.250000e-01 4.219428e-01 2.788894e-01 -1.150000e-01 -1.200000e-01 4.359460e-01 2.611519e-01
1.600000e-01 -1.250000e-01 -3.914743e-01 3.156059e-01 1.600000e-01 -1.150000e-01 -4.044199e-01 2.991936e-01
6.800000e-01 -1.250000e-01 -2.121795e-02 1.327175e-02 6.800000e-01 -1.150000e-01 -2.331335e-02 1.356296e-02
-6.500000e-01 -1.150000e-01 5.090729e-02 -4.007338e-02 -6.500000e-01 -1.050000e-01 5.251274e-02 -3.983745e-02
-1.250000e-01 -1.100000e-01 4.604483e-01 2.261435e-01 -1.300000e-01 -1.050000e-01 4.710412e-01 2.090099e-01
-1.200000e-01 -1.150000e-01 4.485080e-01 2.439597e-01 -1.250000e-01 -1.100000e-01 4.604483e-01 2.261435e-01
1.600000e-01 -1.150000e-01 -4.044199e-01 2.991936e-01 1.650000e-01 -1.100000e-01 -4.156981e-01 2.836304e-01
1.650000e-01 -1.100000e-01 -4.156981e-01 2.836304e-01 1.700000e-01 -1.050000e-01 -4.257942e-01 2.684754e-01
6.800000e-01 -1.150000e-01 -2.331335e-02 1.356296e-02 6.850000e-01 -1.100000e-01 -1.817566e-02 1.269653e-02
6.850000e-01 -1.100000e-01 -1.817566e-02 1.269653e-02 6.900000e-01 -1.050000e-01 -1.299971e-02 1.193925e-02
-6.500000e-01 -1.050000e-01 5.251274e-02 -3.983745e-02 -6.500000e-01 -9.500000e-02 5.394683e-02 -3.964680e-02
-1.300000e-01 -1.050000e-01 4.710412e-01 2.090099e-01 -1.300000e-01 -9.500000e-02 4.836895e-01 1.865727e-01
1.700000e-01 -1.050000e-01 -4.257942e-01 2.684754e-01 1.750000e-01 -1.000000e-01 -4.354120e-01 2.525895e-01
1.750000e-01 -1.000000e-01 -4.354120e-01 2.525895e-01 1.800000e-01 -9.500000e-02 -4.439044e-01 2.372425e-01
6.900000e-01 -1.050000e-01 -1.299971e-02 1.193925e-02 6.900000e-01 -9.500000e-02 -1.470893e-02 1.221361e-02
-6.500000e-01 -9.500000e-02 5.394683e-02 -3.964680e-02 -6.500000e-01 -8.500000e-02 5.520777e-02 -3.949471e-02
-1.350000e-01 -9.000000e-02 4.927404e-01 1.687670e-01 -1.400000e-01 -8.500000e-02 5.005941e-01 1.517954e-01
-1.300000e-01 -9.500000e-02 4.836895e-01 1.865727e-01 -1.350000e-01 -9.000000e-02 4.927404e-01 1.687670e-01
1.800000e-01 -9.500000e-02 -4.439044e-01 2.372425e-01 1.800000e-01 -8.500000e-02 -4.544887e-01 2.160066e-01
6.900000e-01 -9.500000e-02 -1.470893e-02 1.221361e-02 6.900000e-01 -8.500000e-02 -1.624733e-02 1.240695e-02
-6.500000e-01 -8.500000e-02 5.520777e-02 -3.949471e-02 -6.500000e-01 -7.500000e-02 5.629370e-02 -3.937440e-02
-1.400000e-01 -8.500000e-02 5.005941e-01 1.517954e-01 -1.400000e-01 -7.500000e-02 5.106066e-01 1.276992e-01
1.800000e-01 -8.500000e-02 -4.544887e-01 2.160066e-01 1.850000e-01 -8.000000e-02 -4.617077e-01 1.996482e-01
1.850000e-01 -8.000000e-02 -4.617077e-01 1.996482e-01 1.900000e-01 -7.500000e-02 -4.678982e-01 1.840060e-01
6.900000e-01 -8.500000e-02 -1.624733e-02 1.240695e-02 6.900000e-01 -7.500000e-02 -1.761180e-02 1.252590e-02
-6.500000e-01 -7.500000e-02 5.629370e-02 -3.937440e-02 -6.500000e-01 -6.500000e-02 5.720327e-02 -3.927898e-02
-1.400000e-01 -7.500000e-02 5.106066e-01 1.276992e-01 -1.400000e-01 -6.500000e-02 5.194573e-01 1.025540e-01
1.900000e-01 -7.500000e-02 -4.678982e-01 1.840060e-01 1.900000e-01 -6.500000e-02 -4.761386e-01 1.604240e-01
6.900000e-01 -7.500000e-02 -1.761180e-02 1.252590e-02 6.900000e-01 -6.500000e-02 -1.881236e-02 1.257512e-02
-6.500000e-01 -6.500000e-02 5.720327e-02 -3.927898e-02 -6.500000e-01 -5.500000e-02 5.793539e-02 -3.920147e-02
-1.450000e-01 -6.000000e-02 5.246594e-01 8.575294e-02 -1.500000e-01 -5.500000e-02 5.289159e-01 6.985152e-02
-1.400000e-01 -6.500000e-02 5.194573e-01 1.025540e-01 -1.450000e-01 -6.000000e-02 5.246594e-01 8.575294e-02
1.900000e-01 -6.500000e-02 -4.761386e-01 1.604240e-01 1.900000e-01 -5.500000e-02 -4.832330e-01 1.354358e-01
6.900000e-01 -6.500000e-02 -1.881236e-02 1.257512e-02 6.950000e-01 -6.000000e-02 -1.309436e-02 1.206863e-02
6.950000e-01 -6.000000e-02 -1.309436e-02 1.206863e-02 7.000000e-01 -5.500000e-02 -7.368016e-03 1.166169e-02
-6.500000e-01 -5.500000e-02 5.793539e-02 -3.920147e-02 -6.500000e-01 -4.500000e-02 5.848918e-02 -3.913490e-02
-1.500000e-01 -5.500000e-02 5.289159e-01 6.985152e-02 -1.500000e-01 -4.500000e-02 5.346842e-01 4.446875e-02
1.900000e-01 -5.500000e-02 -4.832330e-01 1.354358e-01 1.950000e-01 -5.000000e-02 -4.870312e-01 1.194181e-01
1.950000e-01 -5.000000e-02 -4.870312e-01 1.194181e-01 2.000000e-01 -4.500000e-02 -4.900065e-01 1.042421e-01
7.000000e-01 -5.500000e-02 -7.368016e-03 1.166169e-02 7.000000e-01 -4.500000e-02 -8.186746e-03 1.177709e-02
-6.500000e-01 -4.500000e-02 5.848918e-02 -3.913490e-02 -6.500000e-01 -3.500000e-02 5.886403e-02 -3.907220e-02
-1.500000e-01 -4.500000e-02 5.346842e-01 4.446875e-02 -1.500000e-01 -3.500000e-02 5.390831e-01 1.861849e-02
2.000000e-01 -4.500000e-02 -4.900065e-01 1.042421e-01 2.000000e-01 -3.500000e-02 -4.941023e-01 7.835932e-02
7.000000e-01 -4.500000e-02 -8.186746e-03 1.177709e-02 7.000000e-01 -3.500000e-02 -8.814740e-03 1.185032e-02
-6.500000e-01 -3.500000e-02 5.886403e-02 -3.907220e-02 -6.500000e-01 -2.500000e-02 5.905983e-02 -3.900633e-02
-1.500000e-01 -3.500000e-02 5.390831e-01 1.861849e-02 -1.500000e-01 -2.500000e-02 5.420606e-01 -7.519072e-03
2.000000e-01 -3.500000e-02 -4.941023e-01 7.835932e-02 2.000000e-01 -2.500000e-02 -4.967531e-01 5.170958e-02
7.000000e-01 -3.500000e-02 -8.814740e-03 1.185032e-02 7.000000e-01 -2.500000e-02 -9.262967e-03 1.188646e-02
-6.500000e-01 -2.500000e-02 5.905983e-02 -3.900633e-02 -6.500000e-01 -1.500000e-02 5.907640e-02 -3.893024e-02
-1.500000e-01 -2.500000e-02 5.420606e-01 -7.519072e-03 -1.500000e-01 -1.500000e-02 5.435839e-01 -3.375566e-02
2.000000e-01 -2.500000e-02 -4.967531e-01 5.170958e-02 2.000000e-01 -1.500000e-02 -4.978848e-01 2.451192e-02
7.000000e-01 -2.500000e-02 -9.262967e-03 1.188646e-02 7.000000e-01 -1.500000e-02 -9.541798e-03 1.189083e-02
-6.500000e-01 -1.500000e-02 5.907640e-02 -3.893024e-02 -6.450000e-01 -1.000000e-02 6.523393e-02 -3.896466e-02
-6.450000e-01 -1.000000e-02 6.523393e-02 -3.896466e-02 -6.400000e-01 -5.000000e-03 7.138299e-02 -3.909037e-02
-1.500000e-01 -1.500000e-02 5.435839e-01 -3.375566e-02 -1.500000e-01 -5.000000e-03 5.436414e-01 -5.989798e-02
2.000000e-01 -1.500000e-02 -4.978848e-01 2.451192e-02 2.000000e-01 -5.000000e-03 -4.974511e-01 -2.996119e-03
7.000000e-01 -1.500000e-02 -9.541798e-03 1.189083e-02 7.000000e-01 -5.000000e-03 -9.627032e-03 1.187475e-02
-6.400000e-01 -5.000000e-03 7.138299e-02 -3.909037e-02 -6.400000e-01 5.000000e-03 7.103609e-02 -3.915301e-02
-1.500000e-01 -5.000000e-03 5.436414e-01 -5.989798e-02 -1.500000e-01 5.000000e-03 5.422437e-01 -8.575153e-02
2.000000e-01 -5.000000e-03 -4.974511e-01 -2.996119e-03 2.000000e-01 5.000000e-03 -4.954371e-01 -3.056569e-02
7.000000e-01 -5.000000e-03 -9.627032e-03 1.187475e-02 7.000000e-01 5.000000e-03 -9.529757e-03 1.184368e-02
-6.400000e-01 5.000000e-03 7.103609e-02 -3.915301e-02 -6.400000e-01 1.500000e-02 7.050704e-02 -3.918339e-02
-1.500000e-01 5.000000e-03 5.422437e-01 -8.575153e-02 -1.500000e-01 1.500000e-02 5.394242e-01 -1.111249e-01
2.000000e-01 5.000000e-03 -4.954371e-01 -3.056569e-02 2.000000e-01 1.500000e-02 -4.918601e-01 -5.794491e-02
7.000000e-01 5.000000e-03 -9.529757e-03 1.184368e-02 7.000000e-01 1.500000e-02 -9.249854e-03 1.180509e-02
-6.400000e-01 1.500000e-02 7.050704e-02 -3.918339e-02 -6.400000e-01 2.500000e-02 6.979702e-02 -3.917434e-02
-1.500000e-01 1.500000e-02 5.394242e-01 -1.111249e-01 -1.500000e-01 2.500000e-02 5.352380e-01 -1.358346e-01
1.950000e-01 2.000000e-02 -4.890612e-01 -7.395670e-02 1.900000e-01 2.500000e-02 -4.854224e-01 -9.092846e-02
2.000000e-01 1.500000e-02 -4.918601e-01 -5.794491e-02 1.950000e-01 2.000000e-02 -4.890612e-01 -7.395670e-02
7.000000e-01 1.500000e-02 -9.249854e-03 1.180509e-02 7.000000e-01 2.500000e-02 -8.787203e-03 1.176649e-02
-6.400000e-01 2.500000e-02 6.979702e-02 -3.917434e-02 -6.400000e-01 3.500000e-02 6.890760e-02 -3.911882e-02
-1.500000e-01 2.500000e-02 5.352380e-01 -1.358346e-01 -1.450000e-01 3.000000e-02 5.321737e-01 -1.505054e-01
-1.450000e-01 3.000000e-02 5.321737e-01 -1.505054e-01 -1.400000e-01 3.500000e-02 5.283011e-01 -1.659859e-01
1.900000e-01 2.500000e-02 -4.854224e-01 -9.092846e-02 1.900000e-01 3.500000e-02 -4.784118e-01 -1.186290e-01
7.000000e-01 2.500000e-02 -8.787203e-03 1.176649e-02 7.000000e-01 3.500000e-02 -8.142400e-03 1.173538e-02
-6.400000e-01 3.500000e-02 6.890760e-02 -3.911882e-02 -6.400000e-01 4.500000e-02 6.784068e-02 -3.900992e-02
-1.400000e-01 3.500000e-02 5.283011e-01 -1.659859e-01 -1.400000e-01 4.500000e-02 5.212225e-01 -1.900467e-01
1.900000e-01 3.500000e-02 -4.784118e-01 -1.186290e-01 1.900000e-01 4.500000e-02 -4.699981e-01 -1.453233e-01
7.000000e-01 3.500000e-02 -8.142400e-03 1.173538e-02 7.000000e-01 4.500000e-02 -7.316041e-03 1.171926e-02
-6.400000e-01 4.500000e-02 6.784068e-02 -3.900992e-02 -6.400000e-01 5.500000e-02 6.659846e-02 -3.884081e-02
-1.400000e-01 4.500000e-02 5.212225e-01 -1.900467e-01 -1.400000e-01 5.500000e-02 5.130038e-01 -2.128626e-01
1.900000e-01 4.500000e-02 -4.699981e-01 -1.453233e-01 1.900000e-01 5.500000e-02 -4.603267e-01 -1.708080e-01
7.000000e-01 4.500000e-02 -7.316041e-03 1.171926e-02 7.000000e-01 5.500000e-02 -6.309259e-03 1.172557e-02
-6.400000e-01 5.500000e-02 6.659846e-02 -3.884081e-02 -6.400000e-01 6.500000e-02 6.517087e-02 -3.860694e-02
-1.400000e-01 5.500000e-02 5.130038e-01 -2.128626e-01 -1.350000e-01 6.000000e-02 5.067638e-01 -2.281926e-01
-1.350000e-01 6.000000e-02 5.067638e-01 -2.281926e-01 -1.300000e-01 6.500000e-02 4.994920e-01 -2.442568e-01
1.850000e-01 6.000000e-02 -4.529163e-01 -1.882378e-01 1.800000e-01 6.500000e-02 -4.443451e-01 -2.065176e-01
1.900000e-01 5.500000e-02 -4.603267e-01 -1.708080e-01 1.850000e-01 6.000000e-02 -4.529163e-01 -1.882378e-01
7.000000e-01 5.500000e-02 -6.309259e-03 1.172557e-02 7.000000e-01 6.500000e-02 -5.123365e-03 1.176169e-02
-6.400000e-01 6.500000e-02 6.517087e-02 -3.860694e-02 -6.350000e-01 7.000000e-02 7.052170e-02 -3.924500e-02
-6.350000e-01 7.000000e-02 7.052170e-02 -3.924500e-02 -6.300000e-01 7.500000e-02 7.584011e-02 -3.998940e-02
-1.300000e-01 6.500000e-02 4.994920e-01 -2.442568e-01 -1.300000e-01 7.500000e-02 4.888703e-01 -2.650468e-01
1.800000e-01 6.500000e-02 -4.443451e-01 -2.065176e-01 1.800000e-01 7.500000e-02 -4.319658e-01 -2.299630e-01
7.000000e-01 6.500000e-02 -5.123365e-03 1.176169e-02 7.000000e-01 7.500000e-02 -3.760028e-03 1.183492e-02
-6.300000e-01 7.500000e-02 7.584011e-02 -3.998940e-02 -6.300000e-01 8.500000e-02 7.404100e-02 -3.976848e-02
-1.300000e-01 7.500000e-02 4.888703e-01 -2.650468e-01 -1.250000e-01 8.000000e-02 4.802588e-01 -2.802691e-01
-1.250000e-01 8.000000e-02 4.802588e-01 -2.802691e-01 -1.200000e-01 8.500000e-02 4.704862e-01 -2.960760e-01
1.750000e-01 8.000000e-02 -4.218680e-01 -2.473526e-01 1.700000e-01 8.500000e-02 -4.104864e-01 -2.653933e-01
1.800000e-01 7.500000e-02 -4.319658e-01 -2.299630e-01 1.750000e-01 8.000000e-02 -4.218680e-01 -2.473526e-01
7.000000e-01 7.500000e-02 -3.760028e-03 1.183492e-02 7.000000e-01 8.500000e-02 -2.221274e-03 1.195247e-02
-6.300000e-01 8.500000e-02 7.404100e-02 -3.976848e-02 -6.300000e-01 9.500000e-02 7.206022e-02 -3.946076e-02
-1.200000e-01 8.500000e-02 4.704862e-01 -2.960760e-01 -1.150000e-01 9.000000e-02 4.601836e-01 -3.112208e-01
-1.150000e-01 9.000000e-02 4.601836e-01 -3.112208e-01 -1.100000e-01 9.500000e-02 4.486369e-01 -3.268295e-01
1.650000e-01 9.000000e-02 -3.985259e-01 -2.826910e-01 1.600000e-01 9.500000e-02 -3.852144e-01 -3.004824e-01
1.700000e-01 8.500000e-02 -4.104864e-01 -2.653933e-01 1.650000e-01 9.000000e-02 -3.985259e-01 -2.826910e-01
7.000000e-01 8.500000e-02 -2.221274e-03 1.195247e-02 7.000000e-01 9.500000e-02 -5.093098e-04 1.212140e-02
-6.300000e-01 9.500000e-02 7.206022e-02 -3.946076e-02 -6.300000e-01 1.050000e-01 6.992781e-02 -3.905563e-02
-1.100000e-01 9.500000e-02 4.486369e-01 -3.268295e-01 -1.100000e-01 1.050000e-01 4.354133e-01 -3.431507e-01
1.550000e-01 1.000000e-01 -3.715424e-01 -3.170839e-01 1.500000e-01 1.050000e-01 -3.564636e-01 -3.342137e-01
1.600000e-01 9.500000e-02 -3.852144e-01 -3.004824e-01 1.550000e-01 1.000000e-01 -3.715424e-01 -3.170839e-01
7.000000e-01 9.500000e-02 -5.093098e-04 1.212140e-02 7.000000e-01 1.050000e-01 1.373363e-03 1.234863e-02
-6.300000e-01 1.050000e-01 6.992781e-02 -3.905563e-02 -6.300000e-01 1.150000e-01 6.763446e-02 -3.854948e-02
-1.100000e-01 1.050000e-01 4.354133e-01 -3.431507e-01 -1.050000e-01 1.100000e-01 4.231987e-01 -3.570330e-01
-1.050000e-01 1.100000e-01 4.231987e-01 -3.570330e-01 -1.000000e-01 1.150000e-01 4.097632e-01 -3.711072e-01
1.500000e-01 1.050000e-01 -3.564636e-01 -3.342137e-01 1.500000e-01 1.150000e-01 -3.408116e-01 -3.508338e-01
7.000000e-01 1.050000e-01 1.373363e-03 1.234863e-02 7.000000e-01 1.150000e-01 3.423762e-03 1.264097e-02
-6.300000e-01 1.150000e-01 6.763446e-02 -3.854948e-02 -6.250000e-01 1.200000e-01 7.240748e-02 -3.946795e-02
-6.250000e-01 1.200000e-01 7.240748e-02 -3.946795e-02 -6.200000e-01 1.250000e-01 7.713008e-02 -4.049711e-02
-1.000000e-01 1.150000e-01 4.097632e-01 -3.711072e-01 -9.500000e-02 1.200000e-01 3.962257e-01 -3.841733e-01
-9.500000e-02 1.200000e-01 3.962257e-01 -3.841733e-01 -8.500000e-02 1.200000e-01 3.806040e-01 -3.980060e-01
-8.500000e-02 1.200000e-01 3.806040e-01 -3.980060e-01 -8.000000e-02 1.250000e-01 3.646714e-01 -4.109880e-01
1.350000e-01 1.200000e-01 -3.080382e-01 -3.813180e-01 1.300000e-01 1.250000e-01 -2.902868e-01 -3.959568e-01
1.350000e-01 1.200000e-01 -3.080382e-01 -3.813180e-01 1.450000e-01 1.200000e-01 -3.254862e-01 -3.656900e-01
1.500000e-01 1.150000e-01 -3.408116e-01 -3.508338e-01 1.450000e-01 1.200000e-01 -3.254862e-01 -3.656900e-01
7.000000e-01 1.150000e-01 3.423762e-03 1.264097e-02 7.000000e-01 1.250000e-01 5.638909e-03 1.300497e-02
-6.200000e-01 1.250000e-01 7.713008e-02 -4.049711e-02 -6.200000e-01 1.350000e-01 7.445878e-02 -3.992461e-02
-8.000000e-02 1.250000e-01 3.646714e-01 -4.109880e-01 -7.500000e-02 1.300000e-01 3.489412e-01 -4.227879e-01
-7.500000e-02 1.300000e-01 3.489412e-01 -4.227879e-01 -7.000000e-02 1.350000e-01 3.321293e-01 -4.342807e-01
1.250000e-01 1.300000e-01 -2.728183e-01 -4.092795e-01 1.200000e-01 1.350000e-01 -2.543011e-01 -4.222085e-01
1.300000e-01 1.250000e-01 -2.902868e-01 -3.959568e-01 1.250000e-01 1.300000e-01 -2.728183e-01 -4.092795e-01
7.000000e-01 1.250000e-01 5.638909e-03 1.300497e-02 7.000000e-01 1.350000e-01 8.015466e-03 1.344707e-02
-6.200000e-01 1.350000e-01 7.445878e-02 -3.992461e-02 -6.200000e-01 1.450000e-01 7.163573e-02 -3.923042e-02
-7.000000e-02 1.350000e-01 3.321293e-01 -4.342807e-01 -6.500000e-02 1.400000e-01 3.157203e-01 -4.445882e-01
-6.500000e-02 1.400000e-01 3.157203e-01 -4.445882e-01 -5.500000e-02 1.400000e-01 2.934919e-01 -4.570044e-01
-5.500000e-02 1.400000e-01 2.934919e-01 -4.570044e-01 -5.000000e-02 1.450000e-01 2.753679e-01 -4.661932e-01
1.050000e-01 1.400000e-01 -2.123769e-01 -4.476660e-01 1.000000e-01 1.450000e-01 -1.927861e-01 -4.579739e-01
1.050000e-01 1.400000e-01 -2.123769e-01 -4.476660e-01 1.150000e-01 1.400000e-01 -2.362775e-01 -4.338250e-01
1.200000e-01 1.350000e-01 -2.543011e-01 -4.222085e-01 1.150000e-01 1.400000e-01 -2.362775e-01 -4.338250e-01
7.000000e-01 1.350000e-01 8.015466e-03 1.344707e-02 7.000000e-01 1.450000e-01 1.054980e-02 1.397345e-02
-6.200000e-01 1.450000e-01 7.163573e-02 -3.923042e-02 -6.150000e-01 1.500000e-01 7.602407e-02 -4.030470e-02
-6.150000e-01 1.500000e-01 7.602407e-02 -4.030470e-02 -6.100000e-01 1.550000e-01 8.035006e-02 -4.149078e-02
-5.000000e-02 1.450000e-01 2.753679e-01 -4.661932e-01 -4.500000e-02 1.500000e-01 2.579428e-01 -4.742238e-01
-4.500000e-02 1.500000e-01 2.579428e-01 -4.742238e-01 -3.500000e-02 1.500000e-01 2.321750e-01 -4.844184e-01
-3.500000e-02 1.500000e-01 2.321750e-01 -4.844184e-01 -3.000000e-02 1.550000e-01 2.137816e-01 -4.908212e-01
8.500000e-02 1.500000e-01 -1.468566e-01 -4.784493e-01 8.000000e-02 1.550000e-01 -1.273044e-01 -4.856942e-01
8.500000e-02 1.500000e-01 -1.468566e-01 -4.784493e-01 9.500000e-02 1.500000e-01 -1.739880e-01 -4.670188e-01
1.000000e-01 1.450000e-01 -1.927861e-01 -4.579739e-01 9.500000e-02 1.500000e-01 -1.739880e-01 -4.670188e-01
7.000000e-01 1.450000e-01 1.054980e-02 1.397345e-02 7.000000e-01 1.550000e-01 1.323814e-02 1.459008e-02
-6.100000e-01 1.550000e-01 8.035006e-02 -4.149078e-02 -6.100000e-01 1.650000e-01 7.715751e-02 -4.067963e-02
-3.000000e-02 1.550000e-01 2.137816e-01 -4.908212e-01 -2.500000e-02 1.600000e-01 1.962851e-01 -4.962122e-01
-2.500000e-02 1.600000e-01 1.962851e-01 -4.962122e-01 -1.500000e-02 1.600000e-01 1.682330e-01 -5.034512e-01
-1.500000e-02 1.600000e-01 1.682330e-01 -5.034512e-01 -5.000000e-03 1.600000e-01 1.388133e-01 -5.092128e-01
-5.000000e-03 1.600000e-01 1.388133e-01 -5.092128e-01 5.000000e-03 1.600000e-01 1.082847e-01 -5.133387e-01
5.000000e-03 1.600000e-01 1.082847e-01 -5.133387e-01 1.500000e-02 1.600000e-01 7.695047e-02 -5.157041e-01
1.500000e-02 1.600000e-01 7.695047e-02 -5.157041e-01 2.500000e-02 1.600000e-01 4.514738e-02 -5.162271e-01
2.500000e-02 1.600000e-01 4.514738e-02 -5.162271e-01 3.500000e-02 1.600000e-01 1.323088e-02 -5.148754e-01
3.500000e-02 1.600000e-01 1.323088e-02 -5.148754e-01 4.500000e-02 1.600000e-01 -1.843821e-02 -5.116900e-01
4.500000e-02 1.600000e-01 -1.843821e-02 -5.116900e-01 5.500000e-02 1.600000e-01 -4.952343e-02 -5.067126e-01
5.500000e-02 1.600000e-01 -4.952343e-02 -5.067126e-01 6.500000e-02 1.600000e-01 -7.971371e-02 -5.000420e-01
6.500000e-02 1.600000e-01 -7.971371e-02 -5.000420e-01 7.500000e-02 1.600000e-01 -1.087321e-01 -4.918468e-01
8.000000e-02 1.550000e-01 -1.273044e-01 -4.856942e-01 7.500000e-02 1.600000e-01 -1.087321e-01 -4.918468e-01
7.000000e-01 1.550000e-01 1.323814e-02 1.459008e-02 7.000000e-01 1.650000e-01 1.607652e-02 1.530273e-02
-6.100000e-01 1.650000e-01 7.715751e-02 -4.067963e-02 -6.100000e-01 1.750000e-01 7.382519e-02 -3.972760e-02
7.000000e-01 1.650000e-01 1.607652e-02 1.530273e-02 7.000000e-01 1.750000e-01 1.907141e-02 1.611865e-02
-6.100000e-01 1.750000e-01 7.382519e-02 -3.972760e-02 -6.100000e-01 1.850000e-01 7.035865e-02 -3.863056e-02
6.950000e-01 1.800000e-01 1.481111e-02 1.501473e-02 6.900000e-01 1.850000e-01 1.062852e-02 1.379961e-02
7.000000e-01 1.750000e-01 1.907141e-02 1.611865e-02 6.950000e-01 1.800000e-01 1.481111e-02 1.501473e-02
-6.100000e-01 1.850000e-01 7.035865e-02 -3.863056e-02 -6.050000e-01 1.900000e-01 7.424160e-02 -3.980493e-02
-6.050000e-01 1.900000e-01 7.424160e-02 -3.980493e-02 -6.000000e-01 1.950000e-01 7.804790e-02 -4.108837e-02
6.900000e-01 1.850000e-01 1.062852e-02 1.379961e-02 6.900000e-01 1.950000e-01 1.399011e-02 1.469807e-02
-6.000000e-01 1.950000e-01 7.804790e-02 -4.108837e-02 -6.000000e-01 2.050000e-01 7.423630e-02 -3.981153e-02
6.900000e-01 1.950000e-01 1.399011e-02 1.469807e-02 6.900000e-01 2.050000e-01 1.747555e-02 1.571600e-02
-6.000000e-01 2.050000e-01 7.423630e-02 -3.981153e-02 -6.000000e-01 2.150000e-01 7.030549e-02 -3.837347e-02
6.900000e-01 2.050000e-01 1.747555e-02 1.571600e-02 6.900000e-01 2.150000e-01 2.110183e-02 1.686161e-02
-6.000000e-01 2.150000e-01 7.030549e-02 -3.837347e-02 -5.950000e-01 2.200000e-01 7.378980e-02 -3.959411e-02
-5.950000e-01 2.200000e-01 7.378980e-02 -3.959411e-02 -5.900000e-01 2.250000e-01 7.718650e-02 -4.091995e-02
6.900000e-01 2.150000e-01 2.110183e-02 1.686161e-02 6.900000e-01 2.250000e-01 2.484161e-02 1.813543e-02
-5.900000e-01 2.250000e-01 7.718650e-02 -4.091995e-02 -5.900000e-01 2.350000e-01 7.293442e-02 -3.925623e-02
6.900000e-01 2.250000e-01 2.484161e-02 1.813543e-02 6.900000e-01 2.350000e-01 2.870089e-02 1.954331e-02
-5.900000e-01 2.350000e-01 7.293442e-02 -3.925623e-02 -5.850000e-01 2.400000e-01 7.612369e-02 -4.051382e-02
-5.850000e-01 2.400000e-01 7.612369e-02 -4.051382e-02 -5.800000e-01 2.450000e-01 7.921730e-02 -4.187352e-02
6.850000e-01 2.400000e-01 2.518129e-02 1.832977e-02 6.800000e-01 2.450000e-01 2.174788e-02 1.700967e-02
6.900000e-01 2.350000e-01 2.870089e-02 1.954331e-02 6.850000e-01 2.400000e-01 2.518129e-02 1.832977e-02
-5.800000e-01 2.450000e-01 7.921730e-02 -4.187352e-02 -5.800000e-01 2.550000e-01 7.466154e-02 -3.995180e-02
6.800000e-01 2.450000e-01 2.174788e-02 1.700967e-02 6.800000e-01 2.550000e-01 2.593225e-02 1.858961e-02
-5.800000e-01 2.550000e-01 7.466154e-02 -3.995180e-02 -5.800000e-01 2.650000e-01 7.001547e-02 -3.784590e-02
6.800000e-01 2.550000e-01 2.593225e-02 1.858961e-02 6.800000e-01 2.650000e-01 3.022104e-02 2.031915e-02
-5.800000e-01 2.650000e-01 7.001547e-02 -3.784590e-02 -5.750000e-01 2.700000e-01 7.281338e-02 -3.906504e-02
-5.750000e-01 2.700000e-01 7.281338e-02 -3.906504e-02 -5.700000e-01 2.750000e-01 7.550662e-02 -4.037884e-02
6.750000e-01 2.700000e-01 2.710049e-02 1.906668e-02 6.700000e-01 2.750000e-01 2.407603e-02 1.771268e-02
6.800000e-01 2.650000e-01 3.022104e-02 2.031915e-02 6.750000e-01 2.700000e-01 2.710049e-02 1.906668e-02
-5.700000e-01 2.750000e-01 7.550662e-02 -4.037884e-02 -5.700000e-01 2.850000e-01 7.059031e-02 -3.797629e-02
6.700000e-01 2.750000e-01 2.407603e-02 1.771268e-02 6.700000e-01 2.850000e-01 2.866410e-02 1.965890e-02
-5.700000e-01 2.850000e-01 7.059031e-02 -3.797629e-02 -5.650000e-01 2.900000e-01 7.309967e-02 -3.917213e-02
-5.650000e-01 2.900000e-01 7.309967e-02 -3.917213e-02 -5.600000e-01 2.950000e-01 7.549757e-02 -4.045700e-02
6.700000e-01 2.850000e-01 2.866410e-02 1.965890e-02 6.700000e-01 2.950000e-01 3.333990e-02 2.176778e-02
-5.600000e-01 2.950000e-01 7.549757e-02 -4.045700e-02 -5.600000e-01 3.050000e-01 7.033551e-02 -3.773088e-02
6.700000e-01 2.950000e-01 3.333990e-02 2.176778e-02 6.700000e-01 3.050000e-01 3.809754e-02 2.404111e-02
-5.600000e-01 3.050000e-01 7.033551e-02 -3.773088e-02 -5.550000e-01 3.100000e-01 7.256169e-02 -3.887832e-02
-5.550000e-01 3.100000e-01 7.256169e-02 -3.887832e-02 -5.500000e-01 3.150000e-01 7.467062e-02 -4.010832e-02
6.650000e-01 3.100000e-01 3.546045e-02 2.284416e-02 6.600000e-01 3.150000e-01 3.292928e-02 2.155572e-02
6.700000e-01 3.050000e-01 3.809754e-02 2.404111e-02 6.650000e-01 3.100000e-01 3.546045e-02 2.284416e-02
-5.500000e-01 3.150000e-01 7.467062e-02 -4.010832e-02 -5.500000e-01 3.250000e-01 6.928940e-02 -3.703447e-02
6.600000e-01 3.150000e-01 3.292928e-02 2.155572e-02 6.600000e-01 3.250000e-01 3.794298e-02 2.409477e-02
-5.500000e-01 3.250000e-01 6.928940e-02 -3.703447e-02 -5.450000e-01 3.300000e-01 7.124050e-02 -3.810881e-02
-5.450000e-01 3.300000e-01 7.124050e-02 -3.810881e-02 -5.400000e-01 3.350000e-01 7.306947e-02 -3.925828e-02
6.550000e-01 3.300000e-01 3.558937e-02 2.291258e-02 6.500000e-01 3.350000e-01 3.334757e-02 2.164449e-02
6.600000e-01 3.250000e-01 3.794298e-02 2.409477e-02 6.550000e-01 3.300000e-01 3.558937e-02 2.291258e-02
-5.400000e-01 3.350000e-01 7.306947e-02 -3.925828e-02 -5.400000e-01 3.450000e-01 6.749757e-02 -3.581568e-02
6.500000e-01 3.350000e-01 3.334757e-02 2.164449e-02 6.500000e-01 3.450000e-01 3.859373e-02 2.447641e-02
-5.400000e-01 3.450000e-01 6.749757e-02 -3.581568e-02 -5.350000e-01 3.500000e-01 6.918421e-02 -3.679293e-02
-5.350000e-01 3.500000e-01 6.918421e-02 -3.679293e-02 -5.300000e-01 3.550000e-01 7.074472e-02 -3.783717e-02
6.500000e-01 3.450000e-01 3.859373e-02 2.447641e-02 6.500000e-01 3.550000e-01 4.389151e-02 2.748839e-02
-5.300000e-01 3.550000e-01 7.074472e-02 -3.783717e-02 -5.250000e-01 3.600000e-01 7.224045e-02 -3.878863e-02
-5.250000e-01 3.600000e-01 7.224045e-02 -3.878863e-02 -5.200000e-01 3.650000e-01 7.360635e-02 -3.980247e-02
6.450000e-01 3.600000e-01 4.189255e-02 2.641277e-02 6.400000e-01 3.650000e-01 4.001047e-02 2.526139e-02
6.500000e-01 3.550000e-01 4.389151e-02 2.748839e-02 6.450000e-01 3.600000e-01 4.189255e-02 2.641277e-02
-5.200000e-01 3.650000e-01 7.360635e-02 -3.980247e-02 -5.200000e-01 3.750000e-01 6.775318e-02 -3.578088e-02
6.400000e-01 3.650000e-01 4.001047e-02 2.526139e-02 6.400000e-01 3.750000e-01 4.550196e-02 2.859578e-02
-5.200000e-01 3.750000e-01 6.775318e-02 -3.578088e-02 -5.150000e-01 3.800000e-01 6.900506e-02 -3.660735e-02
-5.150000e-01 3.800000e-01 6.900506e-02 -3.660735e-02 -5.100000e-01 3.850000e-01 7.012307e-02 -3.747665e-02
6.350000e-01 3.800000e-01 4.376406e-02 2.759290e-02 6.300000e-01 3.850000e-01 4.214669e-02 2.652181e-02
6.400000e-01 3.750000e-01 4.550196e-02 2.859578e-02 6.350000e-01 3.800000e-01 4.376406e-02 2.759290e-02
-5.100000e-01 3.850000e-01 7.012307e-02 -3.747665e-02 -5.050000e-01 3.900000e-01 7.119059e-02 -3.824206e-02
-5.050000e-01 3.900000e-01 7.119059e-02 -3.824206e-02 -5.000000e-01 3.950000e-01 7.212514e-02 -3.906576e-02
6.300000e-01 3.850000e-01 4.214669e-02 2.652181e-02 6.300000e-01 3.950000e-01 4.780418e-02 3.019895e-02
-5.000000e-01 3.950000e-01 7.212514e-02 -3.906576e-02 -5.000000e-01 4.050000e-01 6.606925e-02 -3.441814e-02
6.250000e-01 4.000000e-01 4.631531e-02 2.929213e-02 6.200000e-01 4.050000e-01 4.494971e-02 2.832523e-02
6.300000e-01 3.950000e-01 4.780418e-02 3.019895e-02 6.250000e-01 4.000000e-01 4.631531e-02 2.929213e-02
-5.000000e-01 4.050000e-01 6.606925e-02 -3.441814e-02 -4.950000e-01 4.100000e-01 6.691611e-02 -3.501287e-02
-4.950000e-01 4.100000e-01 6.691611e-02 -3.501287e-02 -4.900000e-01 4.150000e-01 6.762780e-02 -3.564563e-02
6.200000e-01 4.050000e-01 4.494971e-02 2.832523e-02 6.200000e-01 4.150000e-01 5.074405e-02 3.236226e-02
-4.900000e-01 4.150000e-01 6.762780e-02 -3.564563e-02 -4.850000e-01 4.200000e-01 6.830449e-02 -3.616496e-02
-4.850000e-01 4.200000e-01 6.830449e-02 -3.616496e-02 -4.800000e-01 4.250000e-01 6.884446e-02 -3.671629e-02
6.150000e-01 4.200000e-01 4.949020e-02 3.157376e-02 6.100000e-01 4.250000e-01 4.836117e-02 3.073375e-02
6.200000e-01 4.150000e-01 5.074405e-02 3.236226e-02 6.150000e-01 4.200000e-01 4.949020e-02 3.157376e-02
-4.800000e-01 4.250000e-01 6.884446e-02 -3.671629e-02 -4.800000e-01 4.350000e-01 6.266882e-02 -3.140861e-02
6.050000e-01 4.300000e-01 4.728113e-02 2.998858e-02 6.000000e-01 4.350000e-01 4.632792e-02 2.919706e-02
6.100000e-01 4.250000e-01 4.836117e-02 3.073375e-02 6.050000e-01 4.300000e-01 4.728113e-02 2.998858e-02
-4.800000e-01 4.350000e-01 6.266882e-02 -3.140861e-02 -4.750000e-01 4.400000e-01 6.315484e-02 -3.172624e-02
-4.750000e-01 4.400000e-01 6.315484e-02 -3.172624e-02 -4.700000e-01 4.450000e-01 6.350574e-02 -3.206586e-02
6.000000e-01 4.350000e-01 4.632792e-02 2.919706e-02 6.000000e-01 4.450000e-01 5.231843e-02 3.380326e-02
-4.700000e-01 4.450000e-01 6.350574e-02 -3.206586e-02 -4.650000e-01 4.500000e-01 6.383780e-02 -3.228592e-02
-4.650000e-01 4.500000e-01 6.383780e-02 -3.228592e-02 -4.600000e-01 4.550000e-01 6.403450e-02 -3.252159e-02
5.950000e-01 4.500000e-01 5.144999e-02 3.320415e-02 5.900000e-01 4.550000e-01 5.070719e-02 3.257524e-02
6.000000e-01 4.450000e-01 5.231843e-02 3.380326e-02 5.950000e-01 4.500000e-01 5.144999e-02 3.320415e-02
-4.600000e-01 4.550000e-01 6.403450e-02 -3.252159e-02 -4.550000e-01 4.600000e-01 6.421874e-02 -3.263522e-02
-4.550000e-01 4.600000e-01 6.421874e-02 -3.263522e-02 -4.500000e-01 4.650000e-01 6.426786e-02 -3.275803e-02
5.850000e-01 4.600000e-01 4.999872e-02 3.205048e-02 5.800000e-01 4.650000e-01 4.941793e-02 3.149446e-02
5.900000e-01 4.550000e-01 5.070719e-02 3.257524e-02 5.850000e-01 4.600000e-01 4.999872e-02 3.205048e-02
-4.500000e-01 4.650000e-01 6.426786e-02 -3.275803e-02 -4.450000e-01 4.700000e-01 6.431108e-02 -3.275660e-02
-4.450000e-01 4.700000e-01 6.431108e-02 -3.275660e-02 -4.400000e-01 4.750000e-01 6.421989e-02 -3.275790e-02
5.750000e-01 4.700000e-01 4.886575e-02 3.104633e-02 5.700000e-01 4.750000e-01 4.844160e-02 3.057281e-02
5.800000e-01 4.650000e-01 4.941793e-02 3.149446e-02 5.750000e-01 4.700000e-01 4.886575e-02 3.104633e-02
-4.400000e-01 4.750000e-01 6.421989e-02 -3.275790e-02 -4.350000e-01 4.800000e-01 6.412935e-02 -3.263332e-02
-4.350000e-01 4.800000e-01 6.412935e-02 -3.263332e-02 -4.300000e-01 4.850000e-01 6.390572e-02 -3.250481e-02
5.700000e-01 4.750000e-01 4.844160e-02 3.057281e-02 5.700000e-01 4.850000e-01 5.459911e-02 3.599678e-02
-4.300000e-01 4.850000e-01 6.390572e-02 -3.250481e-02 -4.250000e-01 4.900000e-01 6.368933e-02 -3.224934e-02
-4.250000e-01 4.900000e-01 6.368933e-02 -3.224934e-02 -4.200000e-01 4.950000e-01 6.334157e-02 -3.198332e-02
5.650000e-01 4.900000e-01 5.421674e-02 3.574573e-02 5.600000e-01 4.950000e-01 5.395990e-02 3.547865e-02
5.700000e-01 4.850000e-01 5.459911e-02 3.599678e-02 5.650000e-01 4.900000e-01 5.421674e-02 3.574573e-02
-4.200000e-01 4.950000e-01 6.334157e-02 -3.198332e-02 -4.150000e-01 5.000000e-01 6.300440e-02 -3.157032e-02
-4.150000e-01 5.000000e-01 6.300440e-02 -3.157032e-02 -4.100000e-01 5.050000e-01 6.254139e-02 -3.115957e-02
5.550000e-01 5.000000e-01 5.371618e-02 3.532541e-02 5.500000e-01 5.050000e-01 5.359735e-02 3.516216e-02
5.600000e-01 4.950000e-01 5.395990e-02 3.547865e-02 5.550000e-01 5.000000e-01 5.371618e-02 3.532541e-02
-4.100000e-01 5.050000e-01 6.254139e-02 -3.115957e-02 -4.050000e-01 5.100000e-01 6.209847e-02 -3.061979e-02
-4.050000e-01 5.100000e-01 6.209847e-02 -3.061979e-02 -4.000000e-01 5.150000e-01 6.152598e-02 -3.003679e-02
5.450000e-01 5.100000e-01 5.348550e-02 3.511513e-02 5.400000e-01 5.150000e-01 5.349741e-02 3.506420e-02
5.500000e-01 5.050000e-01 5.359735e-02 3.516216e-02 5.450000e-01 5.100000e-01 5.348550e-02 3.511513e-02
-4.000000e-01 5.150000e-01 6.152598e-02 -3.003679e-02 -3.950000e-01 5.200000e-01 6.098340e-02 -2.934579e-02
-3.950000e-01 5.200000e-01 6.098340e-02 -2.934579e-02 -3.900000e-01 5.250000e-01 6.031771e-02 -2.862505e-02
5.350000e-01 5.200000e-01 5.351016e-02 3.513144e-02 5.300000e-01 5.250000e-01 5.364516e-02 3.520095e-02
5.400000e-01 5.150000e-01 5.349741e-02 3.506420e-02 5.350000e-01 5.200000e-01 5.351016e-02 3.513144e-02
-3.900000e-01 5.250000e-01 6.031771e-02 -2.862505e-02 -3.850000e-01 5.300000e-01 5.968486e-02 -2.777729e-02
-3.850000e-01 5.300000e-01 5.968486e-02 -2.777729e-02 -3.800000e-01 5.350000e-01 5.893266e-02 -2.689358e-02
5.250000e-01 5.300000e-01 5.377486e-02 3.539011e-02 5.200000e-01 5.350000e-01 5.402475e-02 3.558764e-02
5.300000e-01 5.250000e-01 5.364516e-02 3.520095e-02 5.250000e-01 5.300000e-01 5.377486e-02 3.539011e-02
-3.800000e-01 5.350000e-01 5.893266e-02 -2.689358e-02 -3.750000e-01 5.400000e-01 5.821925e-02 -2.588399e-02
-3.750000e-01 5.400000e-01 5.821925e-02 -2.588399e-02 -3.700000e-01 5.450000e-01 5.739055e-02 -2.483262e-02
5.150000e-01 5.400000e-01 5.426319e-02 3.590588e-02 5.100000e-01 5.450000e-01 5.461944e-02 3.623859e-02
5.200000e-01 5.350000e-01 5.402475e-02 3.558764e-02 5.150000e-01 5.400000e-01 5.426319e-02 3.590588e-02
-3.700000e-01 5.450000e-01 5.739055e-02 -2.483262e-02 -3.650000e-01 5.500000e-01 5.660648e-02 -2.365698e-02
-3.650000e-01 5.500000e-01 5.660648e-02 -2.365698e-02 -3.600000e-01 5.550000e-01 5.571152e-02 -2.243388e-02
5.050000e-01 5.500000e-01 5.495817e-02 3.669267e-02 5.000000e-01 5.550000e-01 5.541188e-02 3.716712e-02
5.100000e-01 5.450000e-01 5.461944e-02 3.623859e-02 5.050000e-01 5.500000e-01 5.495817e-02 3.669267e-02
-3.600000e-01 5.550000e-01 5.571152e-02 -2.243388e-02 -3.550000e-01 5.600000e-01 5.486672e-02 -2.108842e-02
-3.550000e-01 5.600000e-01 5.486672e-02 -2.108842e-02 -3.450000e-01 5.600000e-01 5.874792e-02 -2.687198e-02
-3.450000e-01 5.600000e-01 5.874792e-02 -2.687198e-02 -3.400000e-01 5.650000e-01 5.769191e-02 -2.541667e-02
4.950000e-01 5.600000e-01 5.584219e-02 3.776306e-02 4.900000e-01 5.650000e-01 5.638420e-02 3.838533e-02
5.000000e-01 5.550000e-01 5.541188e-02 3.716712e-02 4.950000e-01 5.600000e-01 5.584219e-02 3.776306e-02
-3.400000e-01 5.650000e-01 5.769191e-02 -2.541667e-02 -3.350000e-01 5.700000e-01 5.669544e-02 -2.384060e-02
-3.350000e-01 5.700000e-01 5.669544e-02 -2.384060e-02 -3.300000e-01 5.750000e-01 5.559926e-02 -2.220254e-02
4.750000e-01 5.700000e-01 5.210600e-02 3.309543e-02 4.700000e-01 5.750000e-01 5.283490e-02 3.390665e-02
4.750000e-01 5.700000e-01 5.210600e-02 3.309543e-02 4.850000e-01 5.700000e-01 5.689703e-02 3.912885e-02
4.900000e-01 5.650000e-01 5.638420e-02 3.838533e-02 4.850000e-01 5.700000e-01 5.689703e-02 3.912885e-02
-3.300000e-01 5.750000e-01 5.559926e-02 -2.220254e-02 -3.250000e-01 5.800000e-01 5.456750e-02 -2.044670e-02
-3.250000e-01 5.800000e-01 5.456750e-02 -2.044670e-02 -3.200000e-01 5.850000e-01 5.344176e-02 -1.862422e-02
4.650000e-01 5.800000e-01 5.352527e-02 3.484012e-02 4.600000e-01 5.850000e-01 5.431934e-02 3.581484e-02
4.700000e-01 5.750000e-01 5.283490e-02 3.390665e-02 4.650000e-01 5.800000e-01 5.352527e-02 3.484012e-02
-3.200000e-01 5.850000e-01 5.344176e-02 -1.862422e-02 -3.150000e-01 5.900000e-01 5.238482e-02 -1.668731e-02
-3.150000e-01 5.900000e-01 5.238482e-02 -1.668731e-02 -3.050000e-01 5.900000e-01 5.546678e-02 -2.205983e-02
-3.050000e-01 5.900000e-01 5.546678e-02 -2.205983e-02 -3.000000e-01 5.950000e-01 5.423586e-02 -1.997706e-02
4.550000e-01 5.900000e-01 5.506952e-02 3.691050e-02 4.500000e-01 5.950000e-01 5.591891e-02 3.805265e-02
4.600000e-01 5.850000e-01 5.431934e-02 3.581484e-02 4.550000e-01 5.900000e-01 5.506952e-02 3.691050e-02
-3.000000e-01 5.950000e-01 5.423586e-02 -1.997706e-02 -2.950000e-01 6.000000e-01 5.308180e-02 -1.778355e-02
-2.950000e-01 6.000000e-01 5.308180e-02 -1.778355e-02 -2.900000e-01 6.050000e-01 5.184819e-02 -1.551141e-02
4.350000e-01 6.000000e-01 5.273401e-02 3.353826e-02 4.300000e-01 6.050000e-01 5.372196e-02 3.490625e-02
4.350000e-01 6.000000e-01 5.273401e-02 3.353826e-02 4.450000e-01 6.000000e-01 5.671925e-02 3.931389e-02
4.500000e-01 5.950000e-01 5.591891e-02 3.805265e-02 4.450000e-01 6.000000e-01 5.671925e-02 3.931389e-02
-2.900000e-01 6.050000e-01 5.184819e-02 -1.551141e-02 -2.850000e-01 6.100000e-01 5.069494e-02 -1.313277e-02
-2.850000e-01 6.100000e-01 5.069494e-02 -1.313277e-02 -2.750000e-01 6.100000e-01 5.324820e-02 -1.813944e-02
-2.750000e-01 6.100000e-01 5.324820e-02 -1.813944e-02 -2.700000e-01 6.150000e-01 5.195175e-02 -1.559318e-02
4.150000e-01 6.100000e-01 5.104227e-02 3.075944e-02 4.100000e-01 6.150000e-01 5.214665e-02 3.236877e-02
4.150000e-01 6.100000e-01 5.104227e-02 3.075944e-02 4.250000e-01 6.100000e-01 5.465021e-02 3.640448e-02
4.300000e-01 6.050000e-01 5.372196e-02 3.490625e-02 4.250000e-01 6.100000e-01 5.465021e-02 3.640448e-02
-2.700000e-01 6.150000e-01 5.195175e-02 -1.559318e-02 -2.650000e-01 6.200000e-01 5.074231e-02 -1.294554e-02
-2.650000e-01 6.200000e-01 5.074231e-02 -1.294554e-02 -2.550000e-01 6.200000e-01 5.295926e-02 -1.770890e-02
-2.550000e-01 6.200000e-01 5.295926e-02 -1.770890e-02 -2.500000e-01 6.250000e-01 5.162647e-02 -1.488125e-02
4.050000e-01 6.200000e-01 5.318519e-02 3.409433e-02 4.000000e-01 6.250000e-01 5.430200e-02 3.590065e-02
4.100000e-01 6.150000e-01 5.214665e-02 3.236877e-02 4.050000e-01 6.200000e-01 5.318519e-02 3.409433e-02
-2.500000e-01 6.250000e-01 5.162647e-02 -1.488125e-02 -2.450000e-01 6.300000e-01 5.038646e-02 -1.195812e-02
-2.450000e-01 6.300000e-01 5.038646e-02 -1.195812e-02 -2.350000e-01 6.300000e-01 5.229486e-02 -1.645338e-02
-2.350000e-01 6.300000e-01 5.229486e-02 -1.645338e-02 -2.300000e-01 6.350000e-01 5.095257e-02 -1.333963e-02
3.850000e-01 6.300000e-01 5.225749e-02 3.246415e-02 3.800000e-01 6.350000e-01 5.345366e-02 3.451658e-02
3.850000e-01 6.300000e-01 5.225749e-02 3.246415e-02 3.950000e-01 6.300000e-01 5.535128e-02 3.780640e-02
4.000000e-01 6.250000e-01 5.430200e-02 3.590065e-02 3.950000e-01 6.300000e-01 5.535128e-02 3.780640e-02
-2.300000e-01 6.350000e-01 5.095257e-02 -1.333963e-02 -2.250000e-01 6.400000e-01 4.970785e-02 -1.013695e-02
-2.250000e-01 6.400000e-01 4.970785e-02 -1.013695e-02 -2.150000e-01 6.400000e-01 5.133811e-02 -1.434194e-02
-2.150000e-01 6.400000e-01 5.133811e-02 -1.434194e-02 -2.100000e-01 6.450000e-01 5.001304e-02 -1.094018e-02
3.650000e-01 6.400000e-01 5.180406e-02 3.153707e-02 3.600000e-01 6.450000e-01 5.305283e-02 3.385832e-02
3.650000e-01 6.400000e-01 5.180406e-02 3.153707e-02 3.750000e-01 6.400000e-01 5.457300e-02 3.667761e-02
3.800000e-01 6.350000e-01 5.345366e-02 3.451658e-02 3.750000e-01 6.400000e-01 5.457300e-02 3.667761e-02
-2.100000e-01 6.450000e-01 5.001304e-02 -1.094018e-02 -2.050000e-01 6.500000e-01 4.878925e-02 -7.456577e-03
-2.050000e-01 6.500000e-01 4.878925e-02 -7.456577e-03 -1.950000e-01 6.500000e-01 5.017405e-02 -1.135198e-02
-1.950000e-01 6.500000e-01 5.017405e-02 -1.135198e-02 -1.900000e-01 6.550000e-01 4.889241e-02 -7.662923e-03
3.350000e-01 6.500000e-01 4.946013e-02 2.652552e-02 3.300000e-01 6.550000e-01 5.078705e-02 2.921352e-02
3.350000e-01 6.500000e-01 4.946013e-02 2.652552e-02 3.450000e-01 6.500000e-01 5.175069e-02 3.136977e-02
3.450000e-01 6.500000e-01 5.175069e-02 3.136977e-02 3.550000e-01 6.500000e-01 5.421845e-02 3.628352e-02
3.600000e-01 6.450000e-01 5.305283e-02 3.385832e-02 3.550000e-01 6.500000e-01 5.421845e-02 3.628352e-02
-1.900000e-01 6.550000e-01 4.889241e-02 -7.662923e-03 -1.850000e-01 6.600000e-01 4.771471e-02 -3.899541e-03
-1.850000e-01 6.600000e-01 4.771471e-02 -3.899541e-03 -1.750000e-01 6.600000e-01 4.888837e-02 -7.469263e-03
-1.750000e-01 6.600000e-01 4.888837e-02 -7.469263e-03 -1.650000e-01 6.600000e-01 4.990565e-02 -1.091322e-02
-1.650000e-01 6.600000e-01 4.990565e-02 -1.091322e-02 -1.600000e-01 6.650000e-01 4.868224e-02 -6.832681e-03
3.150000e-01 6.600000e-01 4.999876e-02 2.741656e-02 3.100000e-01 6.650000e-01 5.131811e-02 3.039000e-02
3.150000e-01 6.600000e-01 4.999876e-02 2.741656e-02 3.250000e-01 6.600000e-01 5.202229e-02 3.199903e-02
3.300000e-01 6.550000e-01 5.078705e-02 2.921352e-02 3.250000e-01 6.600000e-01 5.202229e-02 3.199903e-02
-1.600000e-01 6.650000e-01 4.868224e-02 -6.832681e-03 -1.550000e-01 6.700000e-01 4.756591e-02 -2.688067e-03
-1.550000e-01 6.700000e-01 4.756591e-02 -2.688067e-03 -1.450000e-01 6.700000e-01 4.842127e-02 -5.784826e-03
-1.450000e-01 6.700000e-01 4.842127e-02 -5.784826e-03 -1.350000e-01 6.700000e-01 4.913863e-02 -8.741753e-03
-1.350000e-01 6.700000e-01 4.913863e-02 -8.741753e-03 -1.300000e-01 6.750000e-01 4.802513e-02 -4.273844e-03
2.850000e-01 6.700000e-01 4.912705e-02 2.495108e-02 2.800000e-01 6.750000e-01 5.043948e-02 2.831267e-02
2.850000e-01 6.700000e-01 4.912705e-02 2.495108e-02 2.950000e-01 6.700000e-01 5.075548e-02 2.915387e-02
2.950000e-01 6.700000e-01 5.075548e-02 2.915387e-02 3.050000e-01 6.700000e-01 5.254146e-02 3.345470e-02
3.100000e-01 6.650000e-01 5.131811e-02 3.039000e-02 3.050000e-01 6.700000e-01 5.254146e-02 3.345470e-02
-1.300000e-01 6.750000e-01 4.802513e-02 -4.273844e-03 -1.250000e-01 6.800000e-01 4.701965e-02 2.475309e-04
-1.250000e-01 6.800000e-01 4.701965e-02 2.475309e-04 -1.150000e-01 6.800000e-01 4.762689e-02 -2.347536e-03
-1.150000e-01 6.800000e-01 4.762689e-02 -2.347536e-03 -1.050000e-01 6.800000e-01 4.811660e-02 -4.791207e-03
-1.050000e-01 6.800000e-01 4.811660e-02 -4.791207e-03 -9.500000e-02 6.800000e-01 4.849458e-02 -7.079191e-03
-9.500000e-02 6.800000e-01 4.849458e-02 -7.079191e-03 -9.000000e-02 6.850000e-01 4.756697e-02 -2.126577e-03
2.450000e-01 6.800000e-01 4.777732e-02 2.042072e-02 2.400000e-01 6.850000e-01 4.903867e-02 2.428281e-02
2.450000e-01 6.800000e-01 4.777732e-02 2.042072e-02 2.550000e-01 6.800000e-01 4.892751e-02 2.408247e-02
2.550000e-01 6.800000e-01 4.892751e-02 2.408247e-02 2.650000e-01 6.800000e-01 5.021731e-02 2.786296e-02
2.650000e-01 6.800000e-01 5.021731e-02 2.786296e-02 2.750000e-01 6.800000e-01 5.165032e-02 3.175681e-02
2.800000e-01 6.750000e-01 5.043948e-02 2.831267e-02 2.750000e-01 6.800000e-01 5.165032e-02 3.175681e-02
-9.000000e-02 6.850000e-01 4.756697e-02 -2.126577e-03 -8.500000e-02 6.900000e-01 4.674632e-02 2.865674e-03
-8.500000e-02 6.900000e-01 4.674632e-02 2.865674e-03 -7.500000e-02 6.900000e-01 4.708311e-02 9.515309e-04
-7.500000e-02 6.900000e-01 4.708311e-02 9.515309e-04 -6.500000e-02 6.900000e-01 4.733076e-02 -7.991171e-04
-6.500000e-02 6.900000e-01 4.733076e-02 -7.991171e-04 -5.500000e-02 6.900000e-01 4.749595e-02 -2.382932e-03
-5.500000e-02 6.900000e-01 4.749595e-02 -2.382932e-03 -4.500000e-02 6.900000e-01 4.758553e-02 -3.796992e-03
-4.500000e-02 6.900000e-01 4.758553e-02 -3.796992e-03 -4.000000e-02 6.950000e-01 4.697554e-02 1.718290e-03
1.950000e-01 6.900000e-01 4.685289e-02 1.573342e-02 1.900000e-01 6.950000e-01 4.795936e-02 2.020854e-02
1.950000e-01 6.900000e-01 4.685289e-02 1.573342e-02 2.050000e-01 6.900000e-01 4.751449e-02 1.864702e-02
2.050000e-01 6.900000e-01 4.751449e-02 1.864702e-02 2.150000e-01 6.900000e-01 4.828845e-02 2.170152e-02
2.150000e-01 6.900000e-01 4.828845e-02 2.170152e-02 2.250000e-01 6.900000e-01 4.917980e-02 2.489257e-02
2.250000e-01 6.900000e-01 4.917980e-02 2.489257e-02 2.350000e-01 6.900000e-01 5.019322e-02 2.821535e-02
2.400000e-01 6.850000e-01 4.903867e-02 2.428281e-02 2.350000e-01 6.900000e-01 5.019322e-02 2.821535e-02
-4.000000e-02 6.950000e-01 4.697554e-02 1.718290e-03 -3.500000e-02 7.000000e-01 4.646693e-02 7.256997e-03
-3.500000e-02 7.000000e-01 4.646693e-02 7.256997e-03 -2.500000e-02 7.000000e-01 4.660068e-02 6.217313e-03
-2.500000e-02 7.000000e-01 4.660068e-02 6.217313e-03 -1.500000e-02 7.000000e-01 4.668260e-02 5.350244e-03
-1.500000e-02 7.000000e-01 4.668260e-02 5.350244e-03 -5.000000e-03 7.000000e-01 4.672000e-02 4.657578e-03
-5.000000e-03 7.000000e-01 4.672000e-02 4.657578e-03 5.000000e-03 7.000000e-01 4.672029e-02 4.140806e-03
5.000000e-03 7.000000e-01 4.672029e-02 4.140806e-03 1.500000e-02 7.000000e-01 4.669096e-02 3.801179e-03
1.500000e-02 7.000000e-01 4.669096e-02 3.801179e-03 2.500000e-02 7.000000e-01 4.663960e-02 3.639412e-03
2.500000e-02 7.000000e-01 4.663960e-02 3.639412e-03 3.500000e-02 7.000000e-01 4.657386e-02 3.656220e-03
3.500000e-02 7.000000e-01 4.657386e-02 3.656220e-03 4.500000e-02 7.000000e-01 4.650139e-02 3.851664e-03
4.500000e-02 7.000000e-01 4.650139e-02 3.851664e-03 5.500000e-02 7.000000e-01 4.642986e-02 4.225802e-03
5.500000e-02 7.000000e-01 4.642986e-02 4.225802e-03 6.500000e-02 7.000000e-01 4.636695e-02 4.778099e-03
6.500000e-02 7.000000e-01 4.636695e-02 4.778099e-03 7.000000e-02 7.050000e-01 4.670840e-02 1.131125e-02
8.500000e-02 7.000000e-01 4.629737e-02 6.414008e-03 8.000000e-02 7.050000e-01 4.676181e-02 1.211687e-02
8.500000e-02 7.000000e-01 4.629737e-02 6.414008e-03 9.500000e-02 7.000000e-01 4.630575e-02 7.495356e-03
9.500000e-02 7.000000e-01 4.630575e-02 7.495356e-03 1.050000e-01 7.000000e-01 4.635277e-02 8.749974e-03
1.050000e-01 7.000000e-01 4.635277e-02 8.749974e-03 1.150000e-01 7.000000e-01 4.644570e-02 1.017601e-02
1.150000e-01 7.000000e-01 4.644570e-02 1.017601e-02 1.250000e-01 7.000000e-01 4.659165e-02 1.177139e-02
1.250000e-01 7.000000e-01 4.659165e-02 1.177139e-02 1.350000e-01 7.000000e-01 4.679756e-02 1.353343e-02
1.350000e-01 7.000000e-01 4.679756e-02 1.353343e-02 1.450000e-01 7.000000e-01 4.707021e-02 1.545931e-02
1.450000e-01 7.000000e-01 4.707021e-02 1.545931e-02 1.550000e-01 7.000000e-01 4.741618e-02 1.754613e-02
1.550000e-01 7.000000e-01 4.741618e-02 1.754613e-02 1.650000e-01 7.000000e-01 4.784183e-02 1.979054e-02
1.650000e-01 7.000000e-01 4.784183e-02 1.979054e-02 1.750000e-01 7.000000e-01 4.835330e-02 2.218909e-02
1.750000e-01 7.000000e-01 4.835330e-02 2.218909e-02 1.850000e-01 7.000000e-01 4.895654e-02 2.473809e-02
1.900000e-01 6.950000e-01 4.795936e-02 2.020854e-02 1.850000e-01 7.000000e-01 4.895654e-02 2.473809e-02
7.000000e-02 7.050000e-01 4.670840e-02 1.131125e-02 7.500000e-02 7.100000e-01 4.712626e-02 1.783981e-02
8.000000e-02 7.050000e-01 4.676181e-02 1.211687e-02 7.500000e-02 7.100000e-01 4.712626e-02 1.783981e-02
