-8.500000e-02 -7.300000e-01 3.583674e-02 -4.520033e-02 -9.000000e-02 -7.250000e-01 3.660553e-02 -4.012296e-02
-8.500000e-02 -7.300000e-01 3.583674e-02 -4.520033e-02 -7.500000e-02 -7.300000e-01 3.614635e-02 -4.343210e-02
-7.500000e-02 -7.300000e-01 3.614635e-02 -4.343210e-02 -6.500000e-02 -7.300000e-01 3.638814e-02 -4.182015e-02
-6.500000e-02 -7.300000e-01 3.638814e-02 -4.182015e-02 -5.500000e-02 -7.300000e-01 3.656884e-02 -4.036687e-02
-5.500000e-02 -7.300000e-01 3.656884e-02 -4.036687e-02 -4.500000e-02 -7.300000e-01 3.669533e-02 -3.907428e-02
-4.500000e-02 -7.300000e-01 3.669533e-02 -3.907428e-02 -3.500000e-02 -7.300000e-01 3.677463e-02 -3.794412e-02
-3.500000e-02 -7.300000e-01 3.677463e-02 -3.794412e-02 -2.500000e-02 -7.300000e-01 3.681391e-02 -3.697811e-02
-2.500000e-02 -7.300000e-01 3.681391e-02 -3.697811e-02 -1.500000e-02 -7.300000e-01 3.682043e-02 -3.617744e-02
-1.500000e-02 -7.300000e-01 3.682043e-02 -3.617744e-02 -5.000000e-03 -7.300000e-01 3.680153e-02 -3.554307e-02
-5.000000e-03 -7.300000e-01 3.680153e-02 -3.554307e-02 5.000000e-03 -7.300000e-01 3.676465e-02 -3.507576e-02
5.000000e-03 -7.300000e-01 3.676465e-02 -3.507576e-02 1.500000e-02 -7.300000e-01 3.671724e-02 -3.477589e-02
1.500000e-02 -7.300000e-01 3.671724e-02 -3.477589e-02 2.500000e-02 -7.300000e-01 3.666678e-02 -3.464363e-02
2.500000e-02 -7.300000e-01 3.666678e-02 -3.464363e-02 3.500000e-02 -7.300000e-01 3.662078e-02 -3.467868e-02
3.500000e-02 -7.300000e-01 3.662078e-02 -3.467868e-02 4.500000e-02 -7.300000e-01 3.658669e-02 -3.488074e-02
4.500000e-02 -7.300000e-01 3.658669e-02 -3.488074e-02 5.500000e-02 -7.300000e-01 3.657195e-02 -3.524892e-02
5.500000e-02 -7.300000e-01 3.657195e-02 -3.524892e-02 6.500000e-02 -7.300000e-01 3.658390e-02 -3.578220e-02
6.500000e-02 -7.300000e-01 3.658390e-02 -3.578220e-02 7.500000e-02 -7.300000e-01 3.662983e-02 -3.647933e-02
7.500000e-02 -7.300000e-01 3.662983e-02 -3.647933e-02 8.500000e-02 -7.300000e-01 3.671690e-02 -3.733865e-02
8.500000e-02 -7.300000e-01 3.671690e-02 -3.733865e-02 9.500000e-02 -7.300000e-01 3.685216e-02 -3.835825e-02
9.500000e-02 -7.300000e-01 3.685216e-02 -3.835825e-02 1.000000e-01 -7.250000e-01 3.635856e-02 -3.289173e-02
-1.350000e-01 -7.200000e-01 3.565421e-02 -4.444322e-02 -1.400000e-01 -7.150000e-01 3.665066e-02 -3.989413e-02
-1.350000e-01 -7.200000e-01 3.565421e-02 -4.444322e-02 -1.250000e-01 -7.200000e-01 3.625578e-02 -4.188129e-02
-1.250000e-01 -7.200000e-01 3.625578e-02 -4.188129e-02 -1.150000e-01 -7.200000e-01 3.675536e-02 -3.946373e-02
-1.150000e-01 -7.200000e-01 3.675536e-02 -3.946373e-02 -1.050000e-01 -7.200000e-01 3.715884e-02 -3.719416e-02
-1.050000e-01 -7.200000e-01 3.715884e-02 -3.719416e-02 -9.500000e-02 -7.200000e-01 3.747229e-02 -3.507593e-02
-9.000000e-02 -7.250000e-01 3.660553e-02 -4.012296e-02 -9.500000e-02 -7.200000e-01 3.747229e-02 -3.507593e-02
1.000000e-01 -7.250000e-01 3.635856e-02 -3.289173e-02 1.050000e-01 -7.200000e-01 3.576628e-02 -2.745471e-02
1.050000e-01 -7.200000e-01 3.576628e-02 -2.745471e-02 1.150000e-01 -7.200000e-01 3.586203e-02 -2.883050e-02
1.150000e-01 -7.200000e-01 3.586203e-02 -2.883050e-02 1.250000e-01 -7.200000e-01 3.602895e-02 -3.036317e-02
1.250000e-01 -7.200000e-01 3.602895e-02 -3.036317e-02 1.350000e-01 -7.200000e-01 3.627359e-02 -3.204975e-02
1.350000e-01 -7.200000e-01 3.627359e-02 -3.204975e-02 1.450000e-01 -7.200000e-01 3.660235e-02 -3.388694e-02
1.450000e-01 -7.200000e-01 3.660235e-02 -3.388694e-02 1.500000e-01 -7.150000e-01 3.581984e-02 -2.895447e-02
-1.650000e-01 -7.100000e-01 3.625338e-02 -4.133048e-02 -1.700000e-01 -7.050000e-01 3.736989e-02 -3.712793e-02
-1.650000e-01 -7.100000e-01 3.625338e-02 -4.133048e-02 -1.550000e-01 -7.100000e-01 3.706151e-02 -3.829249e-02
-1.550000e-01 -7.100000e-01 3.706151e-02 -3.829249e-02 -1.450000e-01 -7.100000e-01 3.774748e-02 -3.538974e-02
-1.400000e-01 -7.150000e-01 3.665066e-02 -3.989413e-02 -1.450000e-01 -7.100000e-01 3.774748e-02 -3.538974e-02
1.500000e-01 -7.150000e-01 3.581984e-02 -2.895447e-02 1.550000e-01 -7.100000e-01 3.493500e-02 -2.406689e-02
1.550000e-01 -7.100000e-01 3.493500e-02 -2.406689e-02 1.650000e-01 -7.100000e-01 3.530679e-02 -2.625569e-02
1.650000e-01 -7.100000e-01 3.530679e-02 -2.625569e-02 1.750000e-01 -7.100000e-01 3.578422e-02 -2.858712e-02
1.750000e-01 -7.100000e-01 3.578422e-02 -2.858712e-02 1.800000e-01 -7.050000e-01 3.484372e-02 -2.400811e-02
-1.950000e-01 -7.000000e-01 3.656273e-02 -3.984065e-02 -2.000000e-01 -6.950000e-01 3.775442e-02 -3.599162e-02
-1.950000e-01 -7.000000e-01 3.656273e-02 -3.984065e-02 -1.850000e-01 -7.000000e-01 3.764515e-02 -3.634818e-02
-1.850000e-01 -7.000000e-01 3.764515e-02 -3.634818e-02 -1.750000e-01 -7.000000e-01 3.858690e-02 -3.297956e-02
-1.700000e-01 -7.050000e-01 3.736989e-02 -3.712793e-02 -1.750000e-01 -7.000000e-01 3.858690e-02 -3.297956e-02
1.800000e-01 -7.050000e-01 3.484372e-02 -2.400811e-02 1.850000e-01 -7.000000e-01 3.380015e-02 -1.948394e-02
1.850000e-01 -7.000000e-01 3.380015e-02 -1.948394e-02 1.950000e-01 -7.000000e-01 3.437171e-02 -2.215929e-02
1.950000e-01 -7.000000e-01 3.437171e-02 -2.215929e-02 2.050000e-01 -7.000000e-01 3.506904e-02 -2.496679e-02
2.050000e-01 -7.000000e-01 3.506904e-02 -2.496679e-02 2.100000e-01 -6.950000e-01 3.401577e-02 -2.075047e-02
-2.250000e-01 -6.900000e-01 3.636076e-02 -3.992993e-02 -2.300000e-01 -6.850000e-01 3.758105e-02 -3.643560e-02
-2.250000e-01 -6.900000e-01 3.636076e-02 -3.992993e-02 -2.150000e-01 -6.900000e-01 3.778127e-02 -3.601295e-02
-2.150000e-01 -6.900000e-01 3.778127e-02 -3.601295e-02 -2.050000e-01 -6.900000e-01 3.904478e-02 -3.220624e-02
-2.000000e-01 -6.950000e-01 3.775442e-02 -3.599162e-02 -2.050000e-01 -6.900000e-01 3.904478e-02 -3.220624e-02
2.100000e-01 -6.950000e-01 3.401577e-02 -2.075047e-02 2.150000e-01 -6.900000e-01 3.286066e-02 -1.659894e-02
2.150000e-01 -6.900000e-01 3.286066e-02 -1.659894e-02 2.250000e-01 -6.900000e-01 3.370220e-02 -1.973605e-02
2.250000e-01 -6.900000e-01 3.370220e-02 -1.973605e-02 2.350000e-01 -6.900000e-01 3.468765e-02 -2.299249e-02
2.350000e-01 -6.900000e-01 3.468765e-02 -2.299249e-02 2.400000e-01 -6.850000e-01 3.356921e-02 -1.914209e-02
-2.450000e-01 -6.800000e-01 3.725029e-02 -3.722327e-02 -2.500000e-01 -6.750000e-01 3.849375e-02 -3.398876e-02
-2.450000e-01 -6.800000e-01 3.725029e-02 -3.722327e-02 -2.350000e-01 -6.800000e-01 3.889628e-02 -3.301381e-02
-2.300000e-01 -6.850000e-01 3.758105e-02 -3.643560e-02 -2.350000e-01 -6.800000e-01 3.889628e-02 -3.301381e-02
2.400000e-01 -6.850000e-01 3.356921e-02 -1.914209e-02 2.450000e-01 -6.800000e-01 3.235217e-02 -1.536571e-02
2.450000e-01 -6.800000e-01 3.235217e-02 -1.536571e-02 2.550000e-01 -6.800000e-01 3.352944e-02 -1.893138e-02
2.550000e-01 -6.800000e-01 3.352944e-02 -1.893138e-02 2.600000e-01 -6.750000e-01 3.236295e-02 -1.534967e-02
-2.650000e-01 -6.700000e-01 3.792690e-02 -3.531925e-02 -2.700000e-01 -6.650000e-01 3.917040e-02 -3.234438e-02
-2.650000e-01 -6.700000e-01 3.792690e-02 -3.531925e-02 -2.550000e-01 -6.700000e-01 3.982937e-02 -3.083329e-02
-2.500000e-01 -6.750000e-01 3.849375e-02 -3.398876e-02 -2.550000e-01 -6.700000e-01 3.982937e-02 -3.083329e-02
2.600000e-01 -6.750000e-01 3.236295e-02 -1.534967e-02 2.650000e-01 -6.700000e-01 3.110056e-02 -1.184873e-02
2.650000e-01 -6.700000e-01 3.110056e-02 -1.184873e-02 2.750000e-01 -6.700000e-01 3.250268e-02 -1.570849e-02
2.750000e-01 -6.700000e-01 3.250268e-02 -1.570849e-02 2.800000e-01 -6.650000e-01 3.131218e-02 -1.239590e-02
-2.850000e-01 -6.600000e-01 3.831419e-02 -3.419832e-02 -2.900000e-01 -6.550000e-01 3.953411e-02 -3.148064e-02
-2.850000e-01 -6.600000e-01 3.831419e-02 -3.419832e-02 -2.750000e-01 -6.600000e-01 4.050217e-02 -2.945462e-02
-2.700000e-01 -6.650000e-01 3.917040e-02 -3.234438e-02 -2.750000e-01 -6.600000e-01 4.050217e-02 -2.945462e-02
2.800000e-01 -6.650000e-01 3.131218e-02 -1.239590e-02 2.850000e-01 -6.600000e-01 3.002945e-02 -9.170446e-03
2.850000e-01 -6.600000e-01 3.002945e-02 -9.170446e-03 2.950000e-01 -6.600000e-01 3.168790e-02 -1.330606e-02
2.950000e-01 -6.600000e-01 3.168790e-02 -1.330606e-02 3.000000e-01 -6.550000e-01 3.049787e-02 -1.026073e-02
-3.050000e-01 -6.500000e-01 3.833724e-02 -3.383394e-02 -3.100000e-01 -6.450000e-01 3.951001e-02 -3.136881e-02
-3.050000e-01 -6.500000e-01 3.833724e-02 -3.383394e-02 -2.950000e-01 -6.500000e-01 4.083754e-02 -2.885374e-02
-2.900000e-01 -6.550000e-01 3.953411e-02 -3.148064e-02 -2.950000e-01 -6.500000e-01 4.083754e-02 -2.885374e-02
3.000000e-01 -6.550000e-01 3.049787e-02 -1.026073e-02 3.050000e-01 -6.500000e-01 2.922022e-02 -7.308269e-03
3.050000e-01 -6.500000e-01 2.922022e-02 -7.308269e-03 3.150000e-01 -6.500000e-01 3.116435e-02 -1.169899e-02
3.150000e-01 -6.500000e-01 3.116435e-02 -1.169899e-02 3.200000e-01 -6.450000e-01 2.999944e-02 -8.916576e-03
-3.150000e-01 -6.400000e-01 4.076084e-02 -2.899958e-02 -3.200000e-01 -6.350000e-01 4.193880e-02 -2.670700e-02
-3.100000e-01 -6.450000e-01 3.951001e-02 -3.136881e-02 -3.150000e-01 -6.400000e-01 4.076084e-02 -2.899958e-02
3.200000e-01 -6.450000e-01 2.999944e-02 -8.916576e-03 3.250000e-01 -6.400000e-01 2.875234e-02 -6.232336e-03
3.250000e-01 -6.400000e-01 2.875234e-02 -6.232336e-03 3.300000e-01 -6.350000e-01 2.756961e-02 -3.628860e-03
-3.350000e-01 -6.300000e-01 4.020078e-02 -2.985466e-02 -3.400000e-01 -6.250000e-01 4.129389e-02 -2.780575e-02
-3.350000e-01 -6.300000e-01 4.020078e-02 -2.985466e-02 -3.250000e-01 -6.300000e-01 4.319196e-02 -2.451432e-02
-3.200000e-01 -6.350000e-01 4.193880e-02 -2.670700e-02 -3.250000e-01 -6.300000e-01 4.319196e-02 -2.451432e-02
3.300000e-01 -6.350000e-01 2.756961e-02 -3.628860e-03 3.350000e-01 -6.300000e-01 2.630757e-02 -1.127665e-03
3.350000e-01 -6.300000e-01 2.630757e-02 -1.127665e-03 3.450000e-01 -6.300000e-01 2.870205e-02 -5.905514e-03
3.450000e-01 -6.300000e-01 2.870205e-02 -5.905514e-03 3.500000e-01 -6.250000e-01 2.758396e-02 -3.556371e-03
-3.450000e-01 -6.200000e-01 4.245543e-02 -2.586066e-02 -3.500000e-01 -6.150000e-01 4.353013e-02 -2.398228e-02
-3.400000e-01 -6.250000e-01 4.129389e-02 -2.780575e-02 -3.450000e-01 -6.200000e-01 4.245543e-02 -2.586066e-02
3.500000e-01 -6.250000e-01 2.758396e-02 -3.556371e-03 3.550000e-01 -6.200000e-01 2.639339e-02 -1.313443e-03
3.550000e-01 -6.200000e-01 2.639339e-02 -1.313443e-03 3.600000e-01 -6.150000e-01 2.528207e-02 8.588529e-04
-3.550000e-01 -6.100000e-01 4.466640e-02 -2.219229e-02 -3.600000e-01 -6.050000e-01 4.571040e-02 -2.046559e-02
-3.500000e-01 -6.150000e-01 4.353013e-02 -2.398228e-02 -3.550000e-01 -6.100000e-01 4.466640e-02 -2.219229e-02
3.600000e-01 -6.150000e-01 2.528207e-02 8.588529e-04 3.650000e-01 -6.100000e-01 2.410199e-02 2.921357e-03
3.650000e-01 -6.100000e-01 2.410199e-02 2.921357e-03 3.700000e-01 -6.050000e-01 2.300703e-02 4.917164e-03
-3.750000e-01 -6.000000e-01 4.308087e-02 -2.462754e-02 -3.800000e-01 -5.950000e-01 4.399210e-02 -2.314362e-02
-3.750000e-01 -6.000000e-01 4.308087e-02 -2.462754e-02 -3.650000e-01 -6.000000e-01 4.681827e-02 -1.886842e-02
-3.600000e-01 -6.050000e-01 4.571040e-02 -2.046559e-02 -3.650000e-01 -6.000000e-01 4.681827e-02 -1.886842e-02
3.700000e-01 -6.050000e-01 2.300703e-02 4.917164e-03 3.750000e-01 -6.000000e-01 2.184749e-02 6.800079e-03
3.750000e-01 -6.000000e-01 2.184749e-02 6.800079e-03 3.850000e-01 -6.000000e-01 2.493967e-02 1.569772e-03
3.850000e-01 -6.000000e-01 2.493967e-02 1.569772e-03 3.900000e-01 -5.950000e-01 2.396317e-02 3.331690e-03
-3.850000e-01 -5.900000e-01 4.495578e-02 -2.177223e-02 -3.900000e-01 -5.850000e-01 4.581563e-02 -2.045091e-02
-3.800000e-01 -5.950000e-01 4.399210e-02 -2.314362e-02 -3.850000e-01 -5.900000e-01 4.495578e-02 -2.177223e-02
3.900000e-01 -5.950000e-01 2.396317e-02 3.331690e-03 3.950000e-01 -5.900000e-01 2.293046e-02 4.978571e-03
3.950000e-01 -5.900000e-01 2.293046e-02 4.978571e-03 4.000000e-01 -5.850000e-01 2.199515e-02 6.571569e-03
-3.950000e-01 -5.800000e-01 4.672323e-02 -1.924463e-02 -4.000000e-01 -5.750000e-01 4.752246e-02 -1.808347e-02
-3.900000e-01 -5.850000e-01 4.581563e-02 -2.045091e-02 -3.950000e-01 -5.800000e-01 4.672323e-02 -1.924463e-02
4.000000e-01 -5.850000e-01 2.199515e-02 6.571569e-03 4.050000e-01 -5.800000e-01 2.100846e-02 8.047385e-03
4.050000e-01 -5.800000e-01 2.100846e-02 8.047385e-03 4.100000e-01 -5.750000e-01 2.012405e-02 9.474325e-03
-4.050000e-01 -5.700000e-01 4.836443e-02 -1.703925e-02 -4.100000e-01 -5.650000e-01 4.909378e-02 -1.603514e-02
-4.000000e-01 -5.750000e-01 4.752246e-02 -1.808347e-02 -4.050000e-01 -5.700000e-01 4.836443e-02 -1.703925e-02
4.100000e-01 -5.750000e-01 2.012405e-02 9.474325e-03 4.150000e-01 -5.700000e-01 1.919339e-02 1.078206e-02
4.150000e-01 -5.700000e-01 1.919339e-02 1.078206e-02 4.200000e-01 -5.650000e-01 1.836954e-02 1.204622e-02
-4.150000e-01 -5.600000e-01 4.986056e-02 -1.514953e-02 -4.200000e-01 -5.550000e-01 5.051081e-02 -1.429867e-02
-4.100000e-01 -5.650000e-01 4.909378e-02 -1.603514e-02 -4.150000e-01 -5.600000e-01 4.986056e-02 -1.514953e-02
4.200000e-01 -5.650000e-01 1.836954e-02 1.204622e-02 4.250000e-01 -5.600000e-01 1.750486e-02 1.318968e-02
4.250000e-01 -5.600000e-01 1.750486e-02 1.318968e-02 4.300000e-01 -5.550000e-01 1.675116e-02 1.429505e-02
-4.250000e-01 -5.500000e-01 5.119301e-02 -1.356761e-02 -4.300000e-01 -5.450000e-01 5.175508e-02 -1.286559e-02
-4.200000e-01 -5.550000e-01 5.051081e-02 -1.429867e-02 -4.250000e-01 -5.500000e-01 5.119301e-02 -1.356761e-02
4.300000e-01 -5.550000e-01 1.675116e-02 1.429505e-02 4.350000e-01 -5.500000e-01 1.596224e-02 1.527859e-02
4.350000e-01 -5.500000e-01 1.596224e-02 1.527859e-02 4.400000e-01 -5.450000e-01 1.528821e-02 1.622983e-02
-4.350000e-01 -5.400000e-01 5.234343e-02 -1.228432e-02 -4.400000e-01 -5.350000e-01 5.280852e-02 -1.172635e-02
-4.300000e-01 -5.450000e-01 5.175508e-02 -1.286559e-02 -4.350000e-01 -5.400000e-01 5.234343e-02 -1.228432e-02
4.400000e-01 -5.450000e-01 1.528821e-02 1.622983e-02 4.450000e-01 -5.400000e-01 1.458473e-02 1.705851e-02
4.450000e-01 -5.400000e-01 1.458473e-02 1.705851e-02 4.500000e-01 -5.350000e-01 1.399953e-02 1.786074e-02
-4.450000e-01 -5.300000e-01 5.329394e-02 -1.128951e-02 -4.500000e-01 -5.250000e-01 5.365335e-02 -1.087006e-02
-4.400000e-01 -5.350000e-01 5.280852e-02 -1.172635e-02 -4.450000e-01 -5.300000e-01 5.329394e-02 -1.128951e-02
4.500000e-01 -5.350000e-01 1.399953e-02 1.786074e-02 4.550000e-01 -5.300000e-01 1.339086e-02 1.854029e-02
4.550000e-01 -5.300000e-01 1.339086e-02 1.854029e-02 4.600000e-01 -5.250000e-01 1.290350e-02 1.919935e-02
-4.550000e-01 -5.200000e-01 5.402915e-02 -1.058402e-02 -4.600000e-01 -5.150000e-01 5.427460e-02 -1.029707e-02
-4.500000e-01 -5.250000e-01 5.365335e-02 -1.087006e-02 -4.550000e-01 -5.200000e-01 5.402915e-02 -1.058402e-02
4.600000e-01 -5.250000e-01 1.290350e-02 1.919935e-02 4.650000e-01 -5.200000e-01 1.239881e-02 1.973591e-02
4.650000e-01 -5.200000e-01 1.239881e-02 1.973591e-02 4.700000e-01 -5.150000e-01 1.201791e-02 2.025817e-02
-4.650000e-01 -5.100000e-01 5.452827e-02 -1.013047e-02 -4.700000e-01 -5.050000e-01 5.465367e-02 -9.981190e-03
-4.600000e-01 -5.150000e-01 5.427460e-02 -1.029707e-02 -4.650000e-01 -5.100000e-01 5.452827e-02 -1.013047e-02
4.700000e-01 -5.150000e-01 1.201791e-02 2.025817e-02 4.750000e-01 -5.100000e-01 1.162586e-02 2.065854e-02
4.750000e-01 -5.100000e-01 1.162586e-02 2.065854e-02 4.800000e-01 -5.050000e-01 1.135973e-02 2.105081e-02
-4.750000e-01 -5.000000e-01 5.477926e-02 -9.939879e-03 -4.800000e-01 -4.950000e-01 5.477311e-02 -9.897645e-03
-4.700000e-01 -5.050000e-01 5.465367e-02 -9.981190e-03 -4.750000e-01 -5.000000e-01 5.477926e-02 -9.939879e-03
4.800000e-01 -5.050000e-01 1.135973e-02 2.105081e-02 4.850000e-01 -5.000000e-01 1.108868e-02 2.132231e-02
4.850000e-01 -5.000000e-01 1.108868e-02 2.132231e-02 4.900000e-01 -4.950000e-01 1.094513e-02 2.159191e-02
-4.850000e-01 -4.900000e-01 5.476303e-02 -9.974172e-03 -4.900000e-01 -4.850000e-01 5.462028e-02 -1.004367e-02
-4.800000e-01 -4.950000e-01 5.477311e-02 -9.897645e-03 -4.850000e-01 -4.900000e-01 5.476303e-02 -9.974172e-03
4.900000e-01 -4.950000e-01 1.094513e-02 2.159191e-02 4.900000e-01 -4.850000e-01 5.040815e-03 2.781571e-02
-4.950000e-01 -4.800000e-01 5.446733e-02 -1.023022e-02 -5.000000e-01 -4.750000e-01 5.418134e-02 -1.040361e-02
-4.900000e-01 -4.850000e-01 5.462028e-02 -1.004367e-02 -4.950000e-01 -4.800000e-01 5.446733e-02 -1.023022e-02
4.900000e-01 -4.850000e-01 5.040815e-03 2.781571e-02 4.950000e-01 -4.800000e-01 4.903342e-03 2.784415e-02
4.950000e-01 -4.800000e-01 4.903342e-03 2.784415e-02 5.000000e-01 -4.750000e-01 4.893720e-03 2.790251e-02
-5.000000e-01 -4.750000e-01 5.418134e-02 -1.040361e-02 -5.000000e-01 -4.650000e-01 6.049168e-02 -4.670289e-03
5.000000e-01 -4.750000e-01 4.893720e-03 2.790251e-02 5.050000e-01 -4.700000e-01 4.898732e-03 2.782032e-02
5.050000e-01 -4.700000e-01 4.898732e-03 2.782032e-02 5.100000e-01 -4.650000e-01 5.035708e-03 2.775219e-02
-5.050000e-01 -4.600000e-01 6.016969e-02 -5.074761e-03 -5.100000e-01 -4.550000e-01 5.971204e-02 -5.456524e-03
-5.000000e-01 -4.650000e-01 6.049168e-02 -4.670289e-03 -5.050000e-01 -4.600000e-01 6.016969e-02 -5.074761e-03
5.100000e-01 -4.650000e-01 5.035708e-03 2.775219e-02 5.150000e-01 -4.600000e-01 5.189791e-03 2.756832e-02
5.150000e-01 -4.600000e-01 5.189791e-03 2.756832e-02 5.200000e-01 -4.550000e-01 5.475779e-03 2.740465e-02
-5.150000e-01 -4.500000e-01 5.922864e-02 -5.951566e-03 -5.200000e-01 -4.450000e-01 5.861018e-02 -6.417907e-03
-5.100000e-01 -4.550000e-01 5.971204e-02 -5.456524e-03 -5.150000e-01 -4.500000e-01 5.922864e-02 -5.951566e-03
5.200000e-01 -4.550000e-01 5.475779e-03 2.740465e-02 5.200000e-01 -4.450000e-01 -3.769207e-04 3.270539e-02
-5.250000e-01 -4.400000e-01 5.796001e-02 -6.994339e-03 -5.300000e-01 -4.350000e-01 5.717597e-02 -7.536230e-03
-5.200000e-01 -4.450000e-01 5.861018e-02 -6.417907e-03 -5.250000e-01 -4.400000e-01 5.796001e-02 -6.994339e-03
5.200000e-01 -4.450000e-01 -3.769207e-04 3.270539e-02 5.250000e-01 -4.400000e-01 -4.068613e-05 3.231603e-02
5.250000e-01 -4.400000e-01 -4.068613e-05 3.231603e-02 5.300000e-01 -4.350000e-01 4.290032e-04 3.195670e-02
-5.300000e-01 -4.350000e-01 5.717597e-02 -7.536230e-03 -5.300000e-01 -4.250000e-01 6.334242e-02 -2.667117e-03
5.300000e-01 -4.350000e-01 4.290032e-04 3.195670e-02 5.350000e-01 -4.300000e-01 9.316540e-04 3.148813e-02
5.350000e-01 -4.300000e-01 9.316540e-04 3.148813e-02 5.400000e-01 -4.250000e-01 1.566448e-03 3.105540e-02
-5.350000e-01 -4.200000e-01 6.247970e-02 -3.422124e-03 -5.400000e-01 -4.150000e-01 6.148299e-02 -4.133143e-03
-5.300000e-01 -4.250000e-01 6.334242e-02 -2.667117e-03 -5.350000e-01 -4.200000e-01 6.247970e-02 -3.422124e-03
5.400000e-01 -4.250000e-01 1.566448e-03 3.105540e-02 5.400000e-01 -4.150000e-01 -4.168591e-03 3.571518e-02
-5.450000e-01 -4.100000e-01 6.043948e-02 -4.946563e-03 -5.500000e-01 -4.050000e-01 5.926414e-02 -5.710601e-03
-5.400000e-01 -4.150000e-01 6.148299e-02 -4.133143e-03 -5.450000e-01 -4.100000e-01 6.043948e-02 -4.946563e-03
5.400000e-01 -4.150000e-01 -4.168591e-03 3.571518e-02 5.450000e-01 -4.100000e-01 -3.452616e-03 3.507277e-02
5.450000e-01 -4.100000e-01 -3.452616e-03 3.507277e-02 5.500000e-01 -4.050000e-01 -2.604616e-03 3.447577e-02
-5.500000e-01 -4.050000e-01 5.926414e-02 -5.710601e-03 -5.500000e-01 -3.950000e-01 6.524892e-02 -1.450200e-03
5.500000e-01 -4.050000e-01 -2.604616e-03 3.447577e-02 5.500000e-01 -3.950000e-01 -8.246374e-03 3.872384e-02
-5.550000e-01 -3.900000e-01 6.396580e-02 -2.409174e-03 -5.600000e-01 -3.850000e-01 6.255245e-02 -3.309826e-03
-5.500000e-01 -3.950000e-01 6.524892e-02 -1.450200e-03 -5.550000e-01 -3.900000e-01 6.396580e-02 -2.409174e-03
5.500000e-01 -3.950000e-01 -8.246374e-03 3.872384e-02 5.550000e-01 -3.900000e-01 -7.298357e-03 3.792821e-02
5.550000e-01 -3.900000e-01 -7.298357e-03 3.792821e-02 5.600000e-01 -3.850000e-01 -6.219866e-03 3.718724e-02
-5.600000e-01 -3.850000e-01 6.255245e-02 -3.309826e-03 -5.600000e-01 -3.750000e-01 6.840891e-02 5.607009e-04
5.600000e-01 -3.850000e-01 -6.219866e-03 3.718724e-02 5.650000e-01 -3.800000e-01 -5.084333e-03 3.635284e-02
5.650000e-01 -3.800000e-01 -5.084333e-03 3.635284e-02 5.700000e-01 -3.750000e-01 -3.821425e-03 3.557786e-02
-5.650000e-01 -3.700000e-01 6.687003e-02 -5.226088e-04 -5.700000e-01 -3.650000e-01 6.520372e-02 -1.538982e-03
-5.600000e-01 -3.750000e-01 6.840891e-02 5.607009e-04 -5.650000e-01 -3.700000e-01 6.687003e-02 -5.226088e-04
5.700000e-01 -3.750000e-01 -3.821425e-03 3.557786e-02 5.700000e-01 -3.650000e-01 -9.215109e-03 3.924556e-02
-5.700000e-01 -3.650000e-01 6.520372e-02 -1.538982e-03 -5.700000e-01 -3.550000e-01 7.090133e-02 1.954932e-03
5.700000e-01 -3.650000e-01 -9.215109e-03 3.924556e-02 5.750000e-01 -3.600000e-01 -7.822800e-03 3.828390e-02
5.750000e-01 -3.600000e-01 -7.822800e-03 3.828390e-02 5.800000e-01 -3.550000e-01 -6.308420e-03 3.740283e-02
-5.750000e-01 -3.500000e-01 6.909286e-02 7.701457e-04 -5.800000e-01 -3.450000e-01 6.716065e-02 -3.395987e-04
-5.700000e-01 -3.550000e-01 7.090133e-02 1.954932e-03 -5.750000e-01 -3.500000e-01 6.909286e-02 7.701457e-04
5.800000e-01 -3.550000e-01 -6.308420e-03 3.740283e-02 5.800000e-01 -3.450000e-01 -1.152681e-02 4.068866e-02
-5.800000e-01 -3.450000e-01 6.716065e-02 -3.395987e-04 -5.800000e-01 -3.350000e-01 7.266967e-02 2.794662e-03
5.800000e-01 -3.450000e-01 -1.152681e-02 4.068866e-02 5.800000e-01 -3.350000e-01 -1.669942e-02 4.378406e-02
-5.850000e-01 -3.300000e-01 7.057969e-02 1.532657e-03 -5.900000e-01 -3.250000e-01 6.837073e-02 3.531158e-04
-5.800000e-01 -3.350000e-01 7.266967e-02 2.794662e-03 -5.850000e-01 -3.300000e-01 7.057969e-02 1.532657e-03
5.800000e-01 -3.350000e-01 -1.669942e-02 4.378406e-02 5.850000e-01 -3.300000e-01 -1.496450e-02 4.267077e-02
5.850000e-01 -3.300000e-01 -1.496450e-02 4.267077e-02 5.900000e-01 -3.250000e-01 -1.310996e-02 4.163663e-02
-5.900000e-01 -3.250000e-01 6.837073e-02 3.531158e-04 -5.900000e-01 -3.150000e-01 7.366279e-02 3.148077e-03
5.900000e-01 -3.250000e-01 -1.310996e-02 4.163663e-02 5.900000e-01 -3.150000e-01 -1.806632e-02 4.438710e-02
-5.950000e-01 -3.100000e-01 7.128206e-02 1.834067e-03 -6.000000e-01 -3.050000e-01 6.878796e-02 6.091666e-04
-5.900000e-01 -3.150000e-01 7.366279e-02 3.148077e-03 -5.950000e-01 -3.100000e-01 7.128206e-02 1.834067e-03
5.900000e-01 -3.150000e-01 -1.806632e-02 4.438710e-02 5.950000e-01 -3.100000e-01 -1.604679e-02 4.321915e-02
5.950000e-01 -3.100000e-01 -1.604679e-02 4.321915e-02 6.000000e-01 -3.050000e-01 -1.391336e-02 4.213697e-02
-6.000000e-01 -3.050000e-01 6.878796e-02 6.091666e-04 -6.000000e-01 -2.950000e-01 7.383635e-02 3.088431e-03
6.000000e-01 -3.050000e-01 -1.391336e-02 4.213697e-02 6.000000e-01 -2.950000e-01 -1.862653e-02 4.456796e-02
-6.050000e-01 -2.900000e-01 7.115807e-02 1.748226e-03 -6.100000e-01 -2.850000e-01 6.837292e-02 5.028510e-04
-6.000000e-01 -2.950000e-01 7.383635e-02 3.088431e-03 -6.050000e-01 -2.900000e-01 7.115807e-02 1.748226e-03
6.000000e-01 -2.950000e-01 -1.862653e-02 4.456796e-02 6.050000e-01 -2.900000e-01 -1.631578e-02 4.337224e-02
6.050000e-01 -2.900000e-01 -1.631578e-02 4.337224e-02 6.100000e-01 -2.850000e-01 -1.389761e-02 4.226786e-02
-6.100000e-01 -2.850000e-01 6.837292e-02 5.028510e-04 -6.100000e-01 -2.750000e-01 7.317056e-02 2.695835e-03
6.100000e-01 -2.850000e-01 -1.389761e-02 4.226786e-02 6.100000e-01 -2.750000e-01 -1.834316e-02 4.440770e-02
-6.100000e-01 -2.750000e-01 7.317056e-02 2.695835e-03 -6.100000e-01 -2.650000e-01 7.787968e-02 4.709349e-03
6.100000e-01 -2.750000e-01 -1.834316e-02 4.440770e-02 6.100000e-01 -2.650000e-01 -2.269401e-02 4.636447e-02
-6.150000e-01 -2.600000e-01 7.479752e-02 3.326943e-03 -6.200000e-01 -2.550000e-01 7.161737e-02 2.047057e-03
-6.100000e-01 -2.650000e-01 7.787968e-02 4.709349e-03 -6.150000e-01 -2.600000e-01 7.479752e-02 3.326943e-03
6.100000e-01 -2.650000e-01 -2.269401e-02 4.636447e-02 6.150000e-01 -2.600000e-01 -1.999022e-02 4.512774e-02
6.150000e-01 -2.600000e-01 -1.999022e-02 4.512774e-02 6.200000e-01 -2.550000e-01 -1.718796e-02 4.398965e-02
-6.200000e-01 -2.550000e-01 7.161737e-02 2.047057e-03 -6.200000e-01 -2.450000e-01 7.600749e-02 3.806894e-03
6.200000e-01 -2.550000e-01 -1.718796e-02 4.398965e-02 6.200000e-01 -2.450000e-01 -2.123750e-02 4.569617e-02
-6.200000e-01 -2.450000e-01 7.600749e-02 3.806894e-03 -6.200000e-01 -2.350000e-01 8.029157e-02 5.398899e-03
6.200000e-01 -2.450000e-01 -2.123750e-02 4.569617e-02 6.200000e-01 -2.350000e-01 -2.517403e-02 4.723222e-02
-6.250000e-01 -2.300000e-01 7.679486e-02 4.026566e-03 -6.300000e-01 -2.250000e-01 7.321035e-02 2.762401e-03
-6.200000e-01 -2.350000e-01 8.029157e-02 5.398899e-03 -6.250000e-01 -2.300000e-01 7.679486e-02 4.026566e-03
6.200000e-01 -2.350000e-01 -2.517403e-02 4.723222e-02 6.250000e-01 -2.300000e-01 -2.206731e-02 4.600831e-02
6.250000e-01 -2.300000e-01 -2.206731e-02 4.600831e-02 6.300000e-01 -2.250000e-01 -1.887249e-02 4.488825e-02
-6.300000e-01 -2.250000e-01 7.321035e-02 2.762401e-03 -6.300000e-01 -2.150000e-01 7.716363e-02 4.147354e-03
6.300000e-01 -2.250000e-01 -1.887249e-02 4.488825e-02 6.300000e-01 -2.150000e-01 -2.247965e-02 4.622010e-02
-6.300000e-01 -2.150000e-01 7.716363e-02 4.147354e-03 -6.300000e-01 -2.050000e-01 8.099418e-02 5.379124e-03
6.300000e-01 -2.150000e-01 -2.247965e-02 4.622010e-02 6.300000e-01 -2.050000e-01 -2.595710e-02 4.739718e-02
-6.350000e-01 -2.000000e-01 7.707929e-02 4.069525e-03 -6.400000e-01 -1.950000e-01 7.308786e-02 2.871625e-03
-6.300000e-01 -2.050000e-01 8.099418e-02 5.379124e-03 -6.350000e-01 -2.000000e-01 7.707929e-02 4.069525e-03
6.300000e-01 -2.050000e-01 -2.595710e-02 4.739718e-02 6.300000e-01 -1.950000e-01 -2.929884e-02 4.842343e-02
-6.400000e-01 -1.950000e-01 7.308786e-02 2.871625e-03 -6.400000e-01 -1.850000e-01 7.656477e-02 3.944221e-03
6.300000e-01 -1.950000e-01 -2.929884e-02 4.842343e-02 6.350000e-01 -1.900000e-01 -2.567845e-02 4.726356e-02
6.350000e-01 -1.900000e-01 -2.567845e-02 4.726356e-02 6.400000e-01 -1.850000e-01 -2.198409e-02 4.621184e-02
-6.400000e-01 -1.850000e-01 7.656477e-02 3.944221e-03 -6.400000e-01 -1.750000e-01 7.990442e-02 4.881096e-03
6.400000e-01 -1.850000e-01 -2.198409e-02 4.621184e-02 6.400000e-01 -1.750000e-01 -2.496664e-02 4.709802e-02
-6.400000e-01 -1.750000e-01 7.990442e-02 4.881096e-03 -6.400000e-01 -1.650000e-01 8.310132e-02 5.686826e-03
-3.500000e-02 -1.700000e-01 1.720048e-01 4.893155e-01 -4.000000e-02 -1.650000e-01 1.896420e-01 4.851359e-01
-3.500000e-02 -1.700000e-01 1.720048e-01 4.893155e-01 -2.500000e-02 -1.700000e-01 1.426059e-01 4.948794e-01
-2.500000e-02 -1.700000e-01 1.426059e-01 4.948794e-01 -1.500000e-02 -1.700000e-01 1.123109e-01 4.988122e-01
-1.500000e-02 -1.700000e-01 1.123109e-01 4.988122e-01 -5.000000e-03 -1.700000e-01 8.143534e-02 5.009483e-01
-5.000000e-03 -1.700000e-01 8.143534e-02 5.009483e-01 5.000000e-03 -1.700000e-01 5.028626e-02 5.013715e-01
5.000000e-03 -1.700000e-01 5.028626e-02 5.013715e-01 1.500000e-02 -1.700000e-01 1.921531e-02 5.000110e-01
1.500000e-02 -1.700000e-01 1.921531e-02 5.000110e-01 2.500000e-02 -1.700000e-01 -1.144077e-02 4.969074e-01
2.500000e-02 -1.700000e-01 -1.144077e-02 4.969074e-01 3.500000e-02 -1.700000e-01 -4.136370e-02 4.921453e-01
3.500000e-02 -1.700000e-01 -4.136370e-02 4.921453e-01 4.500000e-02 -1.700000e-01 -7.026617e-02 4.858467e-01
4.500000e-02 -1.700000e-01 -7.026617e-02 4.858467e-01 5.500000e-02 -1.700000e-01 -9.790128e-02 4.781631e-01
5.500000e-02 -1.700000e-01 -9.790128e-02 4.781631e-01 6.000000e-02 -1.650000e-01 -1.154296e-01 4.724677e-01
6.400000e-01 -1.750000e-01 -2.496664e-02 4.709802e-02 6.400000e-01 -1.650000e-01 -2.779971e-02 4.785263e-02
-6.450000e-01 -1.600000e-01 7.865725e-02 4.502323e-03 -6.500000e-01 -1.550000e-01 7.415149e-02 3.431739e-03
-6.400000e-01 -1.650000e-01 8.310132e-02 5.686826e-03 -6.450000e-01 -1.600000e-01 7.865725e-02 4.502323e-03
-6.500000e-02 -1.600000e-01 2.627369e-01 4.609261e-01 -7.000000e-02 -1.550000e-01 2.805476e-01 4.531545e-01
-6.500000e-02 -1.600000e-01 2.627369e-01 4.609261e-01 -5.500000e-02 -1.600000e-01 2.363767e-01 4.711026e-01
-5.500000e-02 -1.600000e-01 2.363767e-01 4.711026e-01 -4.500000e-02 -1.600000e-01 2.082527e-01 4.800669e-01
-4.000000e-02 -1.650000e-01 1.896420e-01 4.851359e-01 -4.500000e-02 -1.600000e-01 2.082527e-01 4.800669e-01
6.000000e-02 -1.650000e-01 -1.154296e-01 4.724677e-01 6.500000e-02 -1.600000e-01 -1.338399e-01 4.657061e-01
6.500000e-02 -1.600000e-01 -1.338399e-01 4.657061e-01 7.500000e-02 -1.600000e-01 -1.593322e-01 4.551509e-01
7.500000e-02 -1.600000e-01 -1.593322e-01 4.551509e-01 8.500000e-02 -1.600000e-01 -1.829002e-01 4.437240e-01
8.500000e-02 -1.600000e-01 -1.829002e-01 4.437240e-01 9.000000e-02 -1.550000e-01 -1.997231e-01 4.347069e-01
6.400000e-01 -1.650000e-01 -2.779971e-02 4.785263e-02 6.400000e-01 -1.550000e-01 -3.047805e-02 4.848081e-02
-6.500000e-01 -1.550000e-01 7.415149e-02 3.431739e-03 -6.500000e-01 -1.450000e-01 7.697198e-02 4.143904e-03
-7.500000e-02 -1.500000e-01 2.991270e-01 4.442620e-01 -8.000000e-02 -1.450000e-01 3.170041e-01 4.346688e-01
-7.000000e-02 -1.550000e-01 2.805476e-01 4.531545e-01 -7.500000e-02 -1.500000e-01 2.991270e-01 4.442620e-01
9.000000e-02 -1.550000e-01 -1.997231e-01 4.347069e-01 9.500000e-02 -1.500000e-01 -2.171177e-01 4.245301e-01
9.500000e-02 -1.500000e-01 -2.171177e-01 4.245301e-01 1.000000e-01 -1.450000e-01 -2.336322e-01 4.138590e-01
6.400000e-01 -1.550000e-01 -3.047805e-02 4.848081e-02 6.450000e-01 -1.500000e-01 -2.634911e-02 4.747546e-02
6.450000e-01 -1.500000e-01 -2.634911e-02 4.747546e-02 6.500000e-01 -1.450000e-01 -2.216134e-02 4.657849e-02
-6.500000e-01 -1.450000e-01 7.697198e-02 4.143904e-03 -6.500000e-01 -1.350000e-01 7.963834e-02 4.745384e-03
-9.500000e-02 -1.400000e-01 3.569383e-01 4.101068e-01 -1.000000e-01 -1.350000e-01 3.734884e-01 3.983089e-01
-9.500000e-02 -1.400000e-01 3.569383e-01 4.101068e-01 -8.500000e-02 -1.400000e-01 3.355217e-01 4.238469e-01
-8.000000e-02 -1.450000e-01 3.170041e-01 4.346688e-01 -8.500000e-02 -1.400000e-01 3.355217e-01 4.238469e-01
1.000000e-01 -1.450000e-01 -2.336322e-01 4.138590e-01 1.050000e-01 -1.400000e-01 -2.505527e-01 4.019813e-01
1.050000e-01 -1.400000e-01 -2.505527e-01 4.019813e-01 1.150000e-01 -1.400000e-01 -2.685103e-01 3.882106e-01
1.150000e-01 -1.400000e-01 -2.685103e-01 3.882106e-01 1.200000e-01 -1.350000e-01 -2.832786e-01 3.758224e-01
6.500000e-01 -1.450000e-01 -2.216134e-02 4.657849e-02 6.500000e-01 -1.350000e-01 -2.446280e-02 4.713540e-02
-6.500000e-01 -1.350000e-01 7.963834e-02 4.745384e-03 -6.500000e-01 -1.250000e-01 8.214614e-02 5.241871e-03
-1.050000e-01 -1.300000e-01 3.903580e-01 3.852811e-01 -1.100000e-01 -1.250000e-01 4.060401e-01 3.720366e-01
-1.000000e-01 -1.350000e-01 3.734884e-01 3.983089e-01 -1.050000e-01 -1.300000e-01 3.903580e-01 3.852811e-01
1.200000e-01 -1.350000e-01 -2.832786e-01 3.758224e-01 1.250000e-01 -1.300000e-01 -2.981380e-01 3.623188e-01
1.250000e-01 -1.300000e-01 -2.981380e-01 3.623188e-01 1.300000e-01 -1.250000e-01 -3.118133e-01 3.488348e-01
6.500000e-01 -1.350000e-01 -2.446280e-02 4.713540e-02 6.500000e-01 -1.250000e-01 -2.659950e-02 4.758766e-02
-6.500000e-01 -1.250000e-01 8.214614e-02 5.241871e-03 -6.500000e-01 -1.150000e-01 8.449111e-02 5.639428e-03
-1.150000e-01 -1.200000e-01 4.218280e-01 3.575878e-01 -1.200000e-01 -1.150000e-01 4.363756e-01 3.427897e-01
-1.100000e-01 -1.250000e-01 4.060401e-01 3.720366e-01 -1.150000e-01 -1.200000e-01 4.218280e-01 3.575878e-01
1.300000e-01 -1.250000e-01 -3.118133e-01 3.488348e-01 1.350000e-01 -1.200000e-01 -3.253825e-01 3.343106e-01
1.350000e-01 -1.200000e-01 -3.253825e-01 3.343106e-01 1.400000e-01 -1.150000e-01 -3.377187e-01 3.199868e-01
6.500000e-01 -1.250000e-01 -2.659950e-02 4.758766e-02 6.500000e-01 -1.150000e-01 -2.856705e-02 4.794143e-02
-6.500000e-01 -1.150000e-01 8.449111e-02 5.639428e-03 -6.500000e-01 -1.050000e-01 8.666930e-02 5.944338e-03
-1.250000e-01 -1.100000e-01 4.507484e-01 3.272237e-01 -1.300000e-01 -1.050000e-01 4.637132e-01 3.122320e-01
-1.200000e-01 -1.150000e-01 4.363756e-01 3.427897e-01 -1.250000e-01 -1.100000e-01 4.507484e-01 3.272237e-01
1.400000e-01 -1.150000e-01 -3.377187e-01 3.199868e-01 1.400000e-01 -1.050000e-01 -3.511501e-01 3.029252e-01
6.500000e-01 -1.150000e-01 -2.856705e-02 4.794143e-02 6.500000e-01 -1.050000e-01 -3.036163e-02 4.820307e-02
-6.550000e-01 -1.000000e-01 8.148250e-02 5.050154e-03 -6.600000e-01 -9.500000e-02 7.625553e-02 4.267676e-03
-6.500000e-01 -1.050000e-01 8.666930e-02 5.944338e-03 -6.550000e-01 -1.000000e-01 8.148250e-02 5.050154e-03
-1.350000e-01 -1.000000e-01 4.764120e-01 2.959040e-01 -1.400000e-01 -9.500000e-02 4.877747e-01 2.799945e-01
-1.300000e-01 -1.050000e-01 4.637132e-01 3.122320e-01 -1.350000e-01 -1.000000e-01 4.764120e-01 2.959040e-01
1.400000e-01 -1.050000e-01 -3.511501e-01 3.029252e-01 1.450000e-01 -1.000000e-01 -3.627837e-01 2.868064e-01
1.450000e-01 -1.000000e-01 -3.627837e-01 2.868064e-01 1.500000e-01 -9.500000e-02 -3.730822e-01 2.708108e-01
6.500000e-01 -1.050000e-01 -3.036163e-02 4.820307e-02 6.500000e-01 -9.500000e-02 -3.197960e-02 4.837927e-02
-6.600000e-01 -9.500000e-02 7.625553e-02 4.267676e-03 -6.600000e-01 -8.500000e-02 7.804039e-02 4.580655e-03
-1.400000e-01 -9.500000e-02 4.877747e-01 2.799945e-01 -1.400000e-01 -8.500000e-02 5.010232e-01 2.594684e-01
1.500000e-01 -9.500000e-02 -3.730822e-01 2.708108e-01 1.550000e-01 -9.000000e-02 -3.828147e-01 2.541285e-01
1.550000e-01 -9.000000e-02 -3.828147e-01 2.541285e-01 1.600000e-01 -8.500000e-02 -3.914776e-01 2.388100e-01
6.500000e-01 -9.500000e-02 -3.197960e-02 4.837927e-02 6.550000e-01 -9.000000e-02 -2.715376e-02 4.770935e-02
6.550000e-01 -9.000000e-02 -2.715376e-02 4.770935e-02 6.600000e-01 -8.500000e-02 -2.229067e-02 4.714228e-02
-6.600000e-01 -8.500000e-02 7.804039e-02 4.580655e-03 -6.600000e-01 -7.500000e-02 7.965275e-02 4.824463e-03
-1.450000e-01 -8.000000e-02 5.112035e-01 2.423135e-01 -1.500000e-01 -7.500000e-02 5.201468e-01 2.255742e-01
-1.400000e-01 -8.500000e-02 5.010232e-01 2.594684e-01 -1.450000e-01 -8.000000e-02 5.112035e-01 2.423135e-01
1.600000e-01 -8.500000e-02 -3.914776e-01 2.388100e-01 1.600000e-01 -7.500000e-02 -4.021956e-01 2.171646e-01
6.600000e-01 -8.500000e-02 -2.229067e-02 4.714228e-02 6.600000e-01 -7.500000e-02 -2.354189e-02 4.734731e-02
-6.600000e-01 -7.500000e-02 7.965275e-02 4.824463e-03 -6.600000e-01 -6.500000e-02 8.108970e-02 5.006087e-03
-1.500000e-01 -7.500000e-02 5.201468e-01 2.255742e-01 -1.500000e-01 -6.500000e-02 5.312371e-01 2.021835e-01
1.600000e-01 -7.500000e-02 -4.021956e-01 2.171646e-01 1.600000e-01 -6.500000e-02 -4.120421e-01 1.939090e-01
6.600000e-01 -7.500000e-02 -2.354189e-02 4.734731e-02 6.600000e-01 -6.500000e-02 -2.459439e-02 4.749371e-02
-6.600000e-01 -6.500000e-02 8.108970e-02 5.006087e-03 -6.600000e-01 -5.500000e-02 8.234897e-02 5.132712e-03
-1.550000e-01 -6.000000e-02 5.385779e-01 1.846012e-01 -1.600000e-01 -5.500000e-02 5.447983e-01 1.678969e-01
-1.500000e-01 -6.500000e-02 5.312371e-01 2.021835e-01 -1.550000e-01 -6.000000e-02 5.385779e-01 1.846012e-01
1.600000e-01 -6.500000e-02 -4.120421e-01 1.939090e-01 1.650000e-01 -6.000000e-02 -4.183880e-01 1.774773e-01
1.650000e-01 -6.000000e-02 -4.183880e-01 1.774773e-01 1.700000e-01 -5.500000e-02 -4.236536e-01 1.615726e-01
6.600000e-01 -6.500000e-02 -2.459439e-02 4.749371e-02 6.600000e-01 -5.500000e-02 -2.548101e-02 4.758263e-02
-6.600000e-01 -5.500000e-02 8.234897e-02 5.132712e-03 -6.600000e-01 -4.500000e-02 8.342823e-02 5.211690e-03
-1.600000e-01 -5.500000e-02 5.447983e-01 1.678969e-01 -1.600000e-01 -4.500000e-02 5.530226e-01 1.424623e-01
1.700000e-01 -5.500000e-02 -4.236536e-01 1.615726e-01 1.700000e-01 -4.500000e-02 -4.306435e-01 1.367019e-01
6.600000e-01 -5.500000e-02 -2.548101e-02 4.758263e-02 6.600000e-01 -4.500000e-02 -2.616533e-02 4.762706e-02
-6.600000e-01 -4.500000e-02 8.342823e-02 5.211690e-03 -6.600000e-01 -3.500000e-02 8.432564e-02 5.250510e-03
-1.600000e-01 -4.500000e-02 5.530226e-01 1.424623e-01 -1.600000e-01 -3.500000e-02 5.598855e-01 1.157698e-01
1.700000e-01 -4.500000e-02 -4.306435e-01 1.367019e-01 1.700000e-01 -3.500000e-02 -4.363178e-01 1.107925e-01
6.600000e-01 -4.500000e-02 -2.616533e-02 4.762706e-02 6.600000e-01 -3.500000e-02 -2.666285e-02 4.763142e-02
-6.600000e-01 -3.500000e-02 8.432564e-02 5.250510e-03 -6.600000e-01 -2.500000e-02 8.503970e-02 5.256795e-03
-1.600000e-01 -3.500000e-02 5.598855e-01 1.157698e-01 -1.600000e-01 -2.500000e-02 5.652376e-01 8.802987e-02
1.700000e-01 -3.500000e-02 -4.363178e-01 1.107925e-01 1.700000e-01 -2.500000e-02 -4.405550e-01 8.404880e-02
6.600000e-01 -3.500000e-02 -2.666285e-02 4.763142e-02 6.600000e-01 -2.500000e-02 -2.697226e-02 4.760308e-02
-6.600000e-01 -2.500000e-02 8.503970e-02 5.256795e-03 -6.600000e-01 -1.500000e-02 8.556911e-02 5.238265e-03
-1.650000e-01 -2.000000e-02 5.676620e-01 7.190668e-02 -1.700000e-01 -1.500000e-02 5.693357e-01 5.672396e-02
-1.600000e-01 -2.500000e-02 5.652376e-01 8.802987e-02 -1.650000e-01 -2.000000e-02 5.676620e-01 7.190668e-02
1.700000e-01 -2.500000e-02 -4.405550e-01 8.404880e-02 1.700000e-01 -1.500000e-02 -4.432583e-01 5.670317e-02
6.600000e-01 -2.500000e-02 -2.697226e-02 4.760308e-02 6.600000e-01 -1.500000e-02 -2.709230e-02 4.754949e-02
-6.600000e-01 -1.500000e-02 8.556911e-02 5.238265e-03 -6.600000e-01 -5.000000e-03 8.591315e-02 5.202725e-03
-1.700000e-01 -1.500000e-02 5.693357e-01 5.672396e-02 -1.700000e-01 -5.000000e-03 5.711985e-01 2.935291e-02
1.700000e-01 -1.500000e-02 -4.432583e-01 5.670317e-02 1.700000e-01 -5.000000e-03 -4.443615e-01 2.900911e-02
6.600000e-01 -1.500000e-02 -2.709230e-02 4.754949e-02 6.600000e-01 -5.000000e-03 -2.702233e-02 4.747813e-02
-6.600000e-01 -5.000000e-03 8.591315e-02 5.202725e-03 -6.600000e-01 5.000000e-03 8.607122e-02 5.158025e-03
-1.700000e-01 -5.000000e-03 5.711985e-01 2.935291e-02 -1.700000e-01 5.000000e-03 5.714243e-01 1.787940e-03
1.700000e-01 -5.000000e-03 -4.443615e-01 2.900911e-02 1.700000e-01 5.000000e-03 -4.438333e-01 1.232716e-03
6.600000e-01 -5.000000e-03 -2.702233e-02 4.747813e-02 6.600000e-01 5.000000e-03 -2.676180e-02 4.739646e-02
-6.600000e-01 5.000000e-03 8.607122e-02 5.158025e-03 -6.600000e-01 1.500000e-02 8.604309e-02 5.112049e-03
-1.700000e-01 5.000000e-03 5.714243e-01 1.787940e-03 -1.700000e-01 1.500000e-02 5.700080e-01 -2.570229e-02
1.700000e-01 5.000000e-03 -4.438333e-01 1.232716e-03 1.700000e-01 1.500000e-02 -4.416791e-01 -2.635712e-02
6.600000e-01 5.000000e-03 -2.676180e-02 4.739646e-02 6.650000e-01 1.000000e-02 -2.097722e-02 4.757960e-02
6.650000e-01 1.000000e-02 -2.097722e-02 4.757960e-02 6.700000e-01 1.500000e-02 -1.518543e-02 4.784105e-02
-6.600000e-01 1.500000e-02 8.604309e-02 5.112049e-03 -6.600000e-01 2.500000e-02 8.582899e-02 5.072688e-03
-1.700000e-01 1.500000e-02 5.700080e-01 -2.570229e-02 -1.700000e-01 2.500000e-02 5.669814e-01 -5.285190e-02
1.700000e-01 1.500000e-02 -4.416791e-01 -2.635712e-02 1.700000e-01 2.500000e-02 -4.379406e-01 -5.349874e-02
6.700000e-01 1.500000e-02 -1.518543e-02 4.784105e-02 6.700000e-01 2.500000e-02 -1.458092e-02 4.794828e-02
-6.600000e-01 2.500000e-02 8.582899e-02 5.072688e-03 -6.600000e-01 3.500000e-02 8.542940e-02 5.047809e-03
-1.700000e-01 2.500000e-02 5.669814e-01 -5.285190e-02 -1.650000e-01 3.000000e-02 5.645806e-01 -6.840910e-02
-1.650000e-01 3.000000e-02 5.645806e-01 -6.840910e-02 -1.600000e-01 3.500000e-02 5.612923e-01 -8.466137e-02
1.700000e-01 2.500000e-02 -4.379406e-01 -5.349874e-02 1.700000e-01 3.500000e-02 -4.326931e-01 -7.994707e-02
6.700000e-01 2.500000e-02 -1.458092e-02 4.794828e-02 6.700000e-01 3.500000e-02 -1.379235e-02 4.806668e-02
-6.600000e-01 3.500000e-02 8.542940e-02 5.047809e-03 -6.600000e-01 4.500000e-02 8.484515e-02 5.045245e-03
-1.600000e-01 3.500000e-02 5.612923e-01 -8.466137e-02 -1.600000e-01 4.500000e-02 5.547803e-01 -1.117937e-01
1.650000e-01 4.000000e-02 -4.288332e-01 -9.603322e-02 1.600000e-01 4.500000e-02 -4.241044e-01 -1.130350e-01
1.700000e-01 3.500000e-02 -4.326931e-01 -7.994707e-02 1.650000e-01 4.000000e-02 -4.288332e-01 -9.603322e-02
6.700000e-01 3.500000e-02 -1.379235e-02 4.806668e-02 6.700000e-01 4.500000e-02 -1.282080e-02 4.820317e-02
-6.600000e-01 4.500000e-02 8.484515e-02 5.045245e-03 -6.600000e-01 5.500000e-02 8.407750e-02 5.072750e-03
-1.600000e-01 4.500000e-02 5.547803e-01 -1.117937e-01 -1.600000e-01 5.500000e-02 5.468708e-01 -1.377578e-01
1.600000e-01 4.500000e-02 -4.241044e-01 -1.130350e-01 1.600000e-01 5.500000e-02 -4.156552e-01 -1.387035e-01
6.700000e-01 4.500000e-02 -1.282080e-02 4.820317e-02 6.700000e-01 5.500000e-02 -1.166727e-02 4.836454e-02
-6.600000e-01 5.500000e-02 8.407750e-02 5.072750e-03 -6.600000e-01 6.500000e-02 8.311060e-02 5.135077e-03
-1.600000e-01 5.500000e-02 5.468708e-01 -1.377578e-01 -1.600000e-01 6.500000e-02 5.377284e-01 -1.623671e-01
1.550000e-01 6.000000e-02 -4.091229e-01 -1.556338e-01 1.500000e-01 6.500000e-02 -4.014968e-01 -1.734262e-01
1.600000e-01 5.500000e-02 -4.156552e-01 -1.387035e-01 1.550000e-01 6.000000e-02 -4.091229e-01 -1.556338e-01
6.700000e-01 5.500000e-02 -1.166727e-02 4.836454e-02 6.700000e-01 6.500000e-02 -1.033314e-02 4.855745e-02
-6.600000e-01 6.500000e-02 8.311060e-02 5.135077e-03 -6.600000e-01 7.500000e-02 8.198073e-02 5.245563e-03
-1.600000e-01 6.500000e-02 5.377284e-01 -1.623671e-01 -1.550000e-01 7.000000e-02 5.306648e-01 -1.786592e-01
-1.550000e-01 7.000000e-02 5.306648e-01 -1.786592e-01 -1.500000e-01 7.500000e-02 5.225329e-01 -1.964844e-01
1.500000e-01 6.500000e-02 -4.014968e-01 -1.734262e-01 1.500000e-01 7.500000e-02 -3.902265e-01 -1.970496e-01
6.700000e-01 6.500000e-02 -1.033314e-02 4.855745e-02 6.700000e-01 7.500000e-02 -8.820252e-03 4.878838e-02
-6.600000e-01 7.500000e-02 8.198073e-02 5.245563e-03 -6.600000e-01 8.500000e-02 8.065477e-02 5.405693e-03
-1.500000e-01 7.500000e-02 5.225329e-01 -1.964844e-01 -1.500000e-01 8.500000e-02 5.107760e-01 -2.187770e-01
1.450000e-01 8.000000e-02 -3.810302e-01 -2.139914e-01 1.400000e-01 8.500000e-02 -3.706229e-01 -2.313323e-01
1.500000e-01 7.500000e-02 -3.902265e-01 -1.970496e-01 1.450000e-01 8.000000e-02 -3.810302e-01 -2.139914e-01
6.700000e-01 7.500000e-02 -8.820252e-03 4.878838e-02 6.700000e-01 8.500000e-02 -7.130461e-03 4.906365e-02
-6.600000e-01 8.500000e-02 8.065477e-02 5.405693e-03 -6.600000e-01 9.500000e-02 7.917127e-02 5.628796e-03
-1.500000e-01 8.500000e-02 5.107760e-01 -2.187770e-01 -1.450000e-01 9.000000e-02 5.011836e-01 -2.355771e-01
-1.450000e-01 9.000000e-02 5.011836e-01 -2.355771e-01 -1.400000e-01 9.500000e-02 4.902164e-01 -2.526211e-01
1.400000e-01 8.500000e-02 -3.706229e-01 -2.313323e-01 1.400000e-01 9.500000e-02 -3.572407e-01 -2.520888e-01
6.700000e-01 8.500000e-02 -7.130461e-03 4.906365e-02 6.700000e-01 9.500000e-02 -5.265968e-03 4.938936e-02
-6.600000e-01 9.500000e-02 7.917127e-02 5.628796e-03 -6.600000e-01 1.050000e-01 7.751515e-02 5.918938e-03
-1.400000e-01 9.500000e-02 4.902164e-01 -2.526211e-01 -1.400000e-01 1.050000e-01 4.766881e-01 -2.715897e-01
1.350000e-01 1.000000e-01 -3.456837e-01 -2.681760e-01 1.300000e-01 1.050000e-01 -3.328163e-01 -2.846651e-01
1.400000e-01 9.500000e-02 -3.572407e-01 -2.520888e-01 1.350000e-01 1.000000e-01 -3.456837e-01 -2.681760e-01
6.700000e-01 9.500000e-02 -5.265968e-03 4.938936e-02 6.700000e-01 1.050000e-01 -3.229218e-03 4.977138e-02
-6.600000e-01 1.050000e-01 7.751515e-02 5.918938e-03 -6.550000e-01 1.100000e-01 8.280155e-02 5.188302e-03
-6.550000e-01 1.100000e-01 8.280155e-02 5.188302e-03 -6.500000e-01 1.150000e-01 8.804665e-02 4.345527e-03
-1.400000e-01 1.050000e-01 4.766881e-01 -2.715897e-01 -1.350000e-01 1.100000e-01 4.647823e-01 -2.869631e-01
-1.350000e-01 1.100000e-01 4.647823e-01 -2.869631e-01 -1.300000e-01 1.150000e-01 4.515598e-01 -3.026496e-01
1.250000e-01 1.100000e-01 -3.196993e-01 -2.998136e-01 1.200000e-01 1.150000e-01 -3.051997e-01 -3.155199e-01
1.300000e-01 1.050000e-01 -3.328163e-01 -2.846651e-01 1.250000e-01 1.100000e-01 -3.196993e-01 -2.998136e-01
6.700000e-01 1.050000e-01 -3.229218e-03 4.977138e-02 6.700000e-01 1.150000e-01 -1.023011e-03 5.021534e-02
-6.500000e-01 1.150000e-01 8.804665e-02 4.345527e-03 -6.500000e-01 1.250000e-01 8.599613e-02 4.623502e-03
-1.300000e-01 1.150000e-01 4.515598e-01 -3.026496e-01 -1.250000e-01 1.200000e-01 4.381219e-01 -3.173108e-01
-1.250000e-01 1.200000e-01 4.381219e-01 -3.173108e-01 -1.200000e-01 1.250000e-01 4.233890e-01 -3.320813e-01
1.150000e-01 1.200000e-01 -2.905415e-01 -3.304539e-01 1.100000e-01 1.250000e-01 -2.746679e-01 -3.450223e-01
1.200000e-01 1.150000e-01 -3.051997e-01 -3.155199e-01 1.150000e-01 1.200000e-01 -2.905415e-01 -3.304539e-01
6.700000e-01 1.150000e-01 -1.023011e-03 5.021534e-02 6.700000e-01 1.250000e-01 1.349850e-03 5.072661e-02
-6.500000e-01 1.250000e-01 8.599613e-02 4.623502e-03 -6.500000e-01 1.350000e-01 8.377872e-02 4.992286e-03
-1.200000e-01 1.250000e-01 4.233890e-01 -3.320813e-01 -1.150000e-01 1.300000e-01 4.086549e-01 -3.457274e-01
-1.150000e-01 1.300000e-01 4.086549e-01 -3.457274e-01 -1.100000e-01 1.350000e-01 3.927086e-01 -3.592705e-01
1.050000e-01 1.300000e-01 -2.589165e-01 -3.583817e-01 1.000000e-01 1.350000e-01 -2.420022e-01 -3.715085e-01
1.100000e-01 1.250000e-01 -2.746679e-01 -3.450223e-01 1.050000e-01 1.300000e-01 -2.589165e-01 -3.583817e-01
6.700000e-01 1.250000e-01 1.349850e-03 5.072661e-02 6.700000e-01 1.350000e-01 3.886385e-03 5.131027e-02
-6.500000e-01 1.350000e-01 8.377872e-02 4.992286e-03 -6.500000e-01 1.450000e-01 8.139858e-02 5.458285e-03
-1.100000e-01 1.350000e-01 3.927086e-01 -3.592705e-01 -1.050000e-01 1.400000e-01 3.769714e-01 -3.716080e-01
-1.050000e-01 1.400000e-01 3.769714e-01 -3.716080e-01 -1.000000e-01 1.450000e-01 3.601614e-01 -3.836314e-01
9.500000e-02 1.400000e-01 -2.254233e-01 -3.834009e-01 9.000000e-02 1.450000e-01 -2.078484e-01 -3.948591e-01
1.000000e-01 1.350000e-01 -2.420022e-01 -3.715085e-01 9.500000e-02 1.400000e-01 -2.254233e-01 -3.834009e-01
6.700000e-01 1.350000e-01 3.886385e-03 5.131027e-02 6.700000e-01 1.450000e-01 6.583257e-03 5.197114e-02
-6.500000e-01 1.450000e-01 8.139858e-02 5.458285e-03 -6.500000e-01 1.550000e-01 7.885972e-02 6.027638e-03
-1.000000e-01 1.450000e-01 3.601614e-01 -3.836314e-01 -9.500000e-02 1.500000e-01 3.437597e-01 -3.944568e-01
-9.500000e-02 1.500000e-01 3.437597e-01 -3.944568e-01 -8.500000e-02 1.500000e-01 3.221681e-01 -4.074703e-01
-8.500000e-02 1.500000e-01 3.221681e-01 -4.074703e-01 -8.000000e-02 1.550000e-01 3.040850e-01 -4.171716e-01
7.500000e-02 1.500000e-01 -1.676294e-01 -4.176492e-01 7.000000e-02 1.550000e-01 -1.491091e-01 -4.265852e-01
7.500000e-02 1.500000e-01 -1.676294e-01 -4.176492e-01 8.500000e-02 1.500000e-01 -1.907956e-01 -4.051126e-01
9.000000e-02 1.450000e-01 -2.078484e-01 -3.948591e-01 8.500000e-02 1.500000e-01 -1.907956e-01 -4.051126e-01
6.700000e-01 1.450000e-01 6.583257e-03 5.197114e-02 6.700000e-01 1.550000e-01 9.437127e-03 5.271368e-02
-6.500000e-01 1.550000e-01 7.885972e-02 6.027638e-03 -6.450000e-01 1.600000e-01 8.353446e-02 5.020741e-03
-6.450000e-01 1.600000e-01 8.353446e-02 5.020741e-03 -6.400000e-01 1.650000e-01 8.814900e-02 3.898897e-03
-8.000000e-02 1.550000e-01 3.040850e-01 -4.171716e-01 -7.500000e-02 1.600000e-01 2.866984e-01 -4.257067e-01
-7.500000e-02 1.600000e-01 2.866984e-01 -4.257067e-01 -6.500000e-02 1.600000e-01 2.616889e-01 -4.365651e-01
-6.500000e-02 1.600000e-01 2.616889e-01 -4.365651e-01 -6.000000e-02 1.650000e-01 2.433600e-01 -4.434808e-01
5.500000e-02 1.600000e-01 -1.051009e-01 -4.444655e-01 5.000000e-02 1.650000e-01 -8.669232e-02 -4.505230e-01
5.500000e-02 1.600000e-01 -1.051009e-01 -4.444655e-01 6.500000e-02 1.600000e-01 -1.313726e-01 -4.343961e-01
7.000000e-02 1.550000e-01 -1.491091e-01 -4.265852e-01 6.500000e-02 1.600000e-01 -1.313726e-01 -4.343961e-01
6.700000e-01 1.550000e-01 9.437127e-03 5.271368e-02 6.700000e-01 1.650000e-01 1.244448e-02 5.354207e-02
-6.400000e-01 1.650000e-01 8.814900e-02 3.898897e-03 -6.400000e-01 1.750000e-01 8.522682e-02 4.543501e-03
-6.000000e-02 1.650000e-01 2.433600e-01 -4.434808e-01 -5.500000e-02 1.700000e-01 2.259151e-01 -4.493382e-01
-5.500000e-02 1.700000e-01 2.259151e-01 -4.493382e-01 -4.500000e-02 1.700000e-01 1.987160e-01 -4.573073e-01
-4.500000e-02 1.700000e-01 1.987160e-01 -4.573073e-01 -3.500000e-02 1.700000e-01 1.702194e-01 -4.638775e-01
-3.500000e-02 1.700000e-01 1.702194e-01 -4.638775e-01 -2.500000e-02 1.700000e-01 1.406723e-01 -4.688973e-01
-2.500000e-02 1.700000e-01 1.406723e-01 -4.688973e-01 -1.500000e-02 1.700000e-01 1.103619e-01 -4.722440e-01
-1.500000e-02 1.700000e-01 1.103619e-01 -4.722440e-01 -5.000000e-03 1.700000e-01 7.960649e-02 -4.738332e-01
-5.000000e-03 1.700000e-01 7.960649e-02 -4.738332e-01 5.000000e-03 1.700000e-01 4.874287e-02 -4.736238e-01
5.000000e-03 1.700000e-01 4.874287e-02 -4.736238e-01 1.500000e-02 1.700000e-01 1.812264e-02 -4.716866e-01
1.500000e-02 1.700000e-01 1.812264e-02 -4.716866e-01 2.500000e-02 1.700000e-01 -1.194715e-02 -4.679375e-01
2.500000e-02 1.700000e-01 -1.194715e-02 -4.679375e-01 3.500000e-02 1.700000e-01 -4.115083e-02 -4.625418e-01
3.500000e-02 1.700000e-01 -4.115083e-02 -4.625418e-01 4.500000e-02 1.700000e-01 -6.921720e-02 -4.556286e-01
5.000000e-02 1.650000e-01 -8.669232e-02 -4.505230e-01 4.500000e-02 1.700000e-01 -6.921720e-02 -4.556286e-01
6.700000e-01 1.650000e-01 1.244448e-02 5.354207e-02 6.700000e-01 1.750000e-01 1.561646e-02 5.446259e-02
-6.400000e-01 1.750000e-01 8.522682e-02 4.543501e-03 -6.400000e-01 1.850000e-01 8.215688e-02 5.313141e-03
6.700000e-01 1.750000e-01 1.561646e-02 5.446259e-02 6.700000e-01 1.850000e-01 1.891975e-02 5.547377e-02
-6.400000e-01 1.850000e-01 8.215688e-02 5.313141e-03 -6.400000e-01 1.950000e-01 7.894437e-02 6.212838e-03
6.700000e-01 1.850000e-01 1.891975e-02 5.547377e-02 6.750000e-01 1.900000e-01 2.551477e-02 5.775254e-02
6.750000e-01 1.900000e-01 2.551477e-02 5.775254e-02 6.800000e-01 1.950000e-01 3.208333e-02 6.003613e-02
-6.400000e-01 1.950000e-01 7.894437e-02 6.212838e-03 -6.350000e-01 2.000000e-01 8.310073e-02 5.055588e-03
-6.350000e-01 2.000000e-01 8.310073e-02 5.055588e-03 -6.300000e-01 2.050000e-01 8.718156e-02 3.784941e-03
6.800000e-01 1.950000e-01 3.208333e-02 6.003613e-02 6.800000e-01 2.050000e-01 3.553980e-02 6.137707e-02
-6.300000e-01 2.050000e-01 8.718156e-02 3.784941e-03 -6.300000e-01 2.150000e-01 8.360666e-02 4.828539e-03
6.800000e-01 2.050000e-01 3.553980e-02 6.137707e-02 6.800000e-01 2.150000e-01 3.912663e-02 6.281554e-02
-6.300000e-01 2.150000e-01 8.360666e-02 4.828539e-03 -6.300000e-01 2.250000e-01 7.990348e-02 6.021059e-03
6.800000e-01 2.150000e-01 3.912663e-02 6.281554e-02 6.800000e-01 2.250000e-01 4.284018e-02 6.435358e-02
-6.300000e-01 2.250000e-01 7.990348e-02 6.021059e-03 -6.300000e-01 2.350000e-01 7.607799e-02 7.366256e-03
6.800000e-01 2.250000e-01 4.284018e-02 6.435358e-02 6.800000e-01 2.350000e-01 4.667669e-02 6.599273e-02
-6.300000e-01 2.350000e-01 7.607799e-02 7.366256e-03 -6.250000e-01 2.400000e-01 7.971472e-02 6.146272e-03
-6.250000e-01 2.400000e-01 7.971472e-02 6.146272e-03 -6.200000e-01 2.450000e-01 8.326197e-02 4.818330e-03
6.800000e-01 2.350000e-01 4.667669e-02 6.599273e-02 6.800000e-01 2.450000e-01 5.063253e-02 6.773424e-02
-6.200000e-01 2.450000e-01 8.326197e-02 4.818330e-03 -6.200000e-01 2.550000e-01 7.910657e-02 6.370579e-03
6.800000e-01 2.450000e-01 5.063253e-02 6.773424e-02 6.800000e-01 2.550000e-01 5.470388e-02 6.957885e-02
-6.200000e-01 2.550000e-01 7.910657e-02 6.370579e-03 -6.200000e-01 2.650000e-01 7.484568e-02 8.090600e-03
6.800000e-01 2.550000e-01 5.470388e-02 6.957885e-02 6.800000e-01 2.650000e-01 5.888741e-02 7.152696e-02
-6.200000e-01 2.650000e-01 7.484568e-02 8.090600e-03 -6.150000e-01 2.700000e-01 7.807745e-02 6.855984e-03
-6.150000e-01 2.700000e-01 7.807745e-02 6.855984e-03 -6.100000e-01 2.750000e-01 8.120955e-02 5.519414e-03
6.800000e-01 2.650000e-01 5.888741e-02 7.152696e-02 6.800000e-01 2.750000e-01 6.317978e-02 7.357850e-02
-6.100000e-01 2.750000e-01 8.120955e-02 5.519414e-03 -6.100000e-01 2.850000e-01 7.664855e-02 7.491354e-03
6.800000e-01 2.750000e-01 6.317978e-02 7.357850e-02 6.800000e-01 2.850000e-01 6.757753e-02 7.573292e-02
-6.100000e-01 2.850000e-01 7.664855e-02 7.491354e-03 -6.050000e-01 2.900000e-01 7.958122e-02 6.243565e-03
-6.050000e-01 2.900000e-01 7.958122e-02 6.243565e-03 -6.000000e-01 2.950000e-01 8.240678e-02 4.898502e-03
6.800000e-01 2.850000e-01 6.757753e-02 7.573292e-02 6.850000e-01 2.900000e-01 7.402247e-02 7.911081e-02
6.850000e-01 2.900000e-01 7.402247e-02 7.911081e-02 6.900000e-01 2.950000e-01 8.046973e-02 8.245121e-02
-6.000000e-01 2.950000e-01 8.240678e-02 4.898502e-03 -6.000000e-01 3.050000e-01 7.756754e-02 7.153623e-03
6.900000e-01 2.950000e-01 8.046973e-02 8.245121e-02 6.900000e-01 3.050000e-01 8.490366e-02 8.490328e-02
-6.000000e-01 3.050000e-01 7.756754e-02 7.153623e-03 -5.950000e-01 3.100000e-01 8.020404e-02 5.918858e-03
-5.950000e-01 3.100000e-01 8.020404e-02 5.918858e-03 -5.900000e-01 3.150000e-01 8.272675e-02 4.592600e-03
6.900000e-01 3.050000e-01 8.490366e-02 8.490328e-02 6.900000e-01 3.150000e-01 8.943063e-02 8.744425e-02
-5.900000e-01 3.150000e-01 8.272675e-02 4.592600e-03 -5.900000e-01 3.250000e-01 7.763401e-02 7.159722e-03
6.900000e-01 3.150000e-01 8.943063e-02 8.744425e-02 6.900000e-01 3.250000e-01 9.404558e-02 9.008495e-02
-5.900000e-01 3.250000e-01 7.763401e-02 7.159722e-03 -5.850000e-01 3.300000e-01 7.998017e-02 5.964236e-03
-5.850000e-01 3.300000e-01 7.998017e-02 5.964236e-03 -5.800000e-01 3.350000e-01 8.220653e-02 4.683993e-03
6.900000e-01 3.250000e-01 9.404558e-02 9.008495e-02 6.900000e-01 3.350000e-01 9.874755e-02 9.281590e-02
-5.800000e-01 3.350000e-01 8.220653e-02 4.683993e-03 -5.800000e-01 3.450000e-01 7.688759e-02 7.589103e-03
6.900000e-01 3.350000e-01 9.874755e-02 9.281590e-02 6.950000e-01 3.400000e-01 1.049916e-01 9.661737e-02
6.950000e-01 3.400000e-01 1.049916e-01 9.661737e-02 7.000000e-01 3.450000e-01 1.112542e-01 1.003695e-01
-5.800000e-01 3.450000e-01 7.688759e-02 7.589103e-03 -5.750000e-01 3.500000e-01 7.895176e-02 6.458825e-03
-5.750000e-01 3.500000e-01 7.895176e-02 6.458825e-03 -5.700000e-01 3.550000e-01 8.089130e-02 5.251359e-03
7.000000e-01 3.450000e-01 1.112542e-01 1.003695e-01 7.000000e-01 3.550000e-01 1.159381e-01 1.033478e-01
-5.700000e-01 3.550000e-01 8.089130e-02 5.251359e-03 -5.700000e-01 3.650000e-01 7.537978e-02 8.490493e-03
7.000000e-01 3.550000e-01 1.159381e-01 1.033478e-01 7.000000e-01 3.650000e-01 1.206964e-01 1.064011e-01
-5.700000e-01 3.650000e-01 7.537978e-02 8.490493e-03 -5.650000e-01 3.700000e-01 7.717317e-02 7.449980e-03
-5.650000e-01 3.700000e-01 7.717317e-02 7.449980e-03 -5.600000e-01 3.750000e-01 7.883805e-02 6.340623e-03
7.000000e-01 3.650000e-01 1.206964e-01 1.064011e-01 7.000000e-01 3.750000e-01 1.255271e-01 1.095234e-01
-5.600000e-01 3.750000e-01 7.883805e-02 6.340623e-03 -5.600000e-01 3.850000e-01 7.315594e-02 9.985129e-03
7.000000e-01 3.750000e-01 1.255271e-01 1.095234e-01 7.000000e-01 3.850000e-01 1.304291e-01 1.127072e-01
-5.600000e-01 3.850000e-01 7.315594e-02 9.985129e-03 -5.550000e-01 3.900000e-01 7.469196e-02 9.058788e-03
-5.550000e-01 3.900000e-01 7.469196e-02 9.058788e-03 -5.500000e-01 3.950000e-01 7.609661e-02 8.072544e-03
7.000000e-01 3.850000e-01 1.304291e-01 1.127072e-01 7.050000e-01 3.900000e-01 1.363965e-01 1.168103e-01
7.050000e-01 3.900000e-01 1.363965e-01 1.168103e-01 7.100000e-01 3.950000e-01 1.424174e-01 1.208549e-01
-5.500000e-01 3.950000e-01 7.609661e-02 8.072544e-03 -5.450000e-01 4.000000e-01 7.744391e-02 7.184052e-03
-5.450000e-01 4.000000e-01 7.744391e-02 7.184052e-03 -5.400000e-01 4.050000e-01 7.865687e-02 6.240903e-03
6.950000e-01 4.000000e-01 1.326079e-01 1.266378e-01 6.900000e-01 4.050000e-01 1.320575e-01 1.255934e-01
6.950000e-01 4.000000e-01 1.326079e-01 1.266378e-01 7.000000e-01 4.050000e-01 1.384983e-01 1.308056e-01
7.100000e-01 3.950000e-01 1.424174e-01 1.208549e-01 7.100000e-01 4.050000e-01 1.472481e-01 1.242063e-01
-5.400000e-01 4.050000e-01 7.865687e-02 6.240903e-03 -5.400000e-01 4.150000e-01 7.273521e-02 1.048223e-02
6.900000e-01 4.050000e-01 1.320575e-01 1.255934e-01 6.950000e-01 4.100000e-01 1.378026e-01 1.299032e-01
7.000000e-01 4.050000e-01 1.384983e-01 1.308056e-01 6.950000e-01 4.100000e-01 1.378026e-01 1.299032e-01
7.100000e-01 4.050000e-01 1.472481e-01 1.242063e-01 7.100000e-01 4.150000e-01 1.521395e-01 1.275754e-01
-5.400000e-01 4.150000e-01 7.273521e-02 1.048223e-02 -5.350000e-01 4.200000e-01 7.384857e-02 9.745641e-03
-5.350000e-01 4.200000e-01 7.384857e-02 9.745641e-03 -5.300000e-01 4.250000e-01 7.482669e-02 8.964169e-03
7.100000e-01 4.150000e-01 1.521395e-01 1.275754e-01 7.150000e-01 4.200000e-01 1.579560e-01 1.317377e-01
7.150000e-01 4.200000e-01 1.579560e-01 1.317377e-01 7.200000e-01 4.250000e-01 1.638747e-01 1.358359e-01
-5.300000e-01 4.250000e-01 7.482669e-02 8.964169e-03 -5.250000e-01 4.300000e-01 7.576296e-02 8.290850e-03
-5.250000e-01 4.300000e-01 7.576296e-02 8.290850e-03 -5.200000e-01 4.350000e-01 7.656215e-02 7.578549e-03
7.200000e-01 4.250000e-01 1.638747e-01 1.358359e-01 7.200000e-01 4.350000e-01 1.686966e-01 1.392605e-01
-5.200000e-01 4.350000e-01 7.656215e-02 7.578549e-03 -5.200000e-01 4.450000e-01 7.048367e-02 1.245780e-02
7.200000e-01 4.350000e-01 1.686966e-01 1.392605e-01 7.250000e-01 4.400000e-01 1.745149e-01 1.433971e-01
7.250000e-01 4.400000e-01 1.745149e-01 1.433971e-01 7.300000e-01 4.450000e-01 1.804642e-01 1.475014e-01
-5.200000e-01 4.450000e-01 7.048367e-02 1.245780e-02 -5.150000e-01 4.500000e-01 7.121502e-02 1.197011e-02
-5.150000e-01 4.500000e-01 7.121502e-02 1.197011e-02 -5.100000e-01 4.550000e-01 7.181036e-02 1.145359e-02
7.300000e-01 4.450000e-01 1.804642e-01 1.475014e-01 7.300000e-01 4.550000e-01 1.853005e-01 1.509188e-01
-5.100000e-01 4.550000e-01 7.181036e-02 1.145359e-02 -5.050000e-01 4.600000e-01 7.238006e-02 1.105275e-02
-5.050000e-01 4.600000e-01 7.238006e-02 1.105275e-02 -5.000000e-01 4.650000e-01 7.281327e-02 1.062938e-02
7.300000e-01 4.550000e-01 1.853005e-01 1.509188e-01 7.350000e-01 4.600000e-01 1.912300e-01 1.550763e-01
7.350000e-01 4.600000e-01 1.912300e-01 1.550763e-01 7.400000e-01 4.650000e-01 1.972802e-01 1.592397e-01
-5.000000e-01 4.650000e-01 7.281327e-02 1.062938e-02 -4.950000e-01 4.700000e-01 7.322717e-02 1.032475e-02
-4.950000e-01 4.700000e-01 7.322717e-02 1.032475e-02 -4.900000e-01 4.750000e-01 7.350458e-02 1.000408e-02
7.400000e-01 4.650000e-01 1.972802e-01 1.592397e-01 7.400000e-01 4.750000e-01 2.022610e-01 1.627019e-01
-4.900000e-01 4.750000e-01 7.350458e-02 1.000408e-02 -4.850000e-01 4.800000e-01 7.376923e-02 9.804766e-03
-4.850000e-01 4.800000e-01 7.376923e-02 9.804766e-03 -4.800000e-01 4.850000e-01 7.389786e-02 9.595976e-03
7.400000e-01 4.750000e-01 2.022610e-01 1.627019e-01 7.450000e-01 4.800000e-01 2.083304e-01 1.670055e-01
7.450000e-01 4.800000e-01 2.083304e-01 1.670055e-01 7.500000e-01 4.850000e-01 2.144864e-01 1.713149e-01
-4.800000e-01 4.850000e-01 7.389786e-02 9.595976e-03 -4.750000e-01 4.900000e-01 7.401642e-02 9.534558e-03
-4.750000e-01 4.900000e-01 7.401642e-02 9.534558e-03 -4.700000e-01 4.950000e-01 7.399991e-02 9.470935e-03
7.500000e-01 4.850000e-01 2.144864e-01 1.713149e-01 7.500000e-01 4.950000e-01 2.196434e-01 1.749710e-01
-4.700000e-01 4.950000e-01 7.399991e-02 9.470935e-03 -4.650000e-01 5.000000e-01 7.398782e-02 9.509385e-03
-4.650000e-01 5.000000e-01 7.398782e-02 9.509385e-03 -4.600000e-01 5.050000e-01 7.384233e-02 9.551709e-03
6.450000e-01 5.000000e-01 1.643206e-01 1.310593e-01 6.400000e-01 5.050000e-01 1.639915e-01 1.303467e-01
6.450000e-01 5.000000e-01 1.643206e-01 1.310593e-01 6.500000e-01 5.050000e-01 1.700458e-01 1.357751e-01
7.500000e-01 4.950000e-01 2.196434e-01 1.749710e-01 7.550000e-01 5.000000e-01 2.257862e-01 1.794888e-01
7.550000e-01 5.000000e-01 2.257862e-01 1.794888e-01 7.600000e-01 5.050000e-01 2.320001e-01 1.839887e-01
-4.600000e-01 5.050000e-01 7.384233e-02 9.551709e-03 -4.550000e-01 5.100000e-01 7.370405e-02 9.720573e-03
-4.550000e-01 5.100000e-01 7.370405e-02 9.720573e-03 -4.500000e-01 5.150000e-01 7.343440e-02 9.899869e-03
6.400000e-01 5.050000e-01 1.639915e-01 1.303467e-01 6.450000e-01 5.100000e-01 1.697517e-01 1.352198e-01
6.500000e-01 5.050000e-01 1.700458e-01 1.357751e-01 6.450000e-01 5.100000e-01 1.697517e-01 1.352198e-01
7.600000e-01 5.050000e-01 2.320001e-01 1.839887e-01 7.600000e-01 5.150000e-01 2.372683e-01 1.879428e-01
-4.500000e-01 5.150000e-01 7.343440e-02 9.899869e-03 -4.450000e-01 5.200000e-01 7.317864e-02 1.020648e-02
-4.450000e-01 5.200000e-01 7.317864e-02 1.020648e-02 -4.400000e-01 5.250000e-01 7.279414e-02 1.053014e-02
5.450000e-01 5.200000e-01 1.153093e-01 6.928744e-02 5.400000e-01 5.250000e-01 1.151632e-01 6.908482e-02
5.450000e-01 5.200000e-01 1.153093e-01 6.928744e-02 5.550000e-01 5.200000e-01 1.214431e-01 7.500394e-02
5.550000e-01 5.200000e-01 1.214431e-01 7.500394e-02 5.650000e-01 5.200000e-01 1.276419e-01 8.067187e-02
5.650000e-01 5.200000e-01 1.276419e-01 8.067187e-02 5.750000e-01 5.200000e-01 1.338928e-01 8.629127e-02
5.750000e-01 5.200000e-01 1.338928e-01 8.629127e-02 5.850000e-01 5.200000e-01 1.401800e-01 9.187456e-02
5.850000e-01 5.200000e-01 1.401800e-01 9.187456e-02 5.950000e-01 5.200000e-01 1.464898e-01 9.741019e-02
5.950000e-01 5.200000e-01 1.464898e-01 9.741019e-02 6.050000e-01 5.200000e-01 1.528069e-01 1.028879e-01
6.050000e-01 5.200000e-01 1.528069e-01 1.028879e-01 6.150000e-01 5.200000e-01 1.591091e-01 1.083211e-01
6.150000e-01 5.200000e-01 1.591091e-01 1.083211e-01 6.250000e-01 5.200000e-01 1.653727e-01 1.137124e-01
6.250000e-01 5.200000e-01 1.653727e-01 1.137124e-01 6.350000e-01 5.200000e-01 1.715693e-01 1.190661e-01
6.350000e-01 5.200000e-01 1.715693e-01 1.190661e-01 6.450000e-01 5.200000e-01 1.776636e-01 1.243887e-01
6.450000e-01 5.200000e-01 1.776636e-01 1.243887e-01 6.500000e-01 5.250000e-01 1.832893e-01 1.293142e-01
7.600000e-01 5.150000e-01 2.372683e-01 1.879428e-01 7.600000e-01 5.250000e-01 2.426579e-01 1.920071e-01
-4.400000e-01 5.250000e-01 7.279414e-02 1.053014e-02 -4.350000e-01 5.300000e-01 7.242996e-02 1.098129e-02
-4.350000e-01 5.300000e-01 7.242996e-02 1.098129e-02 -4.300000e-01 5.350000e-01 7.194007e-02 1.145605e-02
5.150000e-01 5.300000e-01 1.032548e-01 5.750760e-02 5.100000e-01 5.350000e-01 1.033077e-01 5.749444e-02
5.150000e-01 5.300000e-01 1.032548e-01 5.750760e-02 5.250000e-01 5.300000e-01 1.090796e-01 6.328672e-02
5.250000e-01 5.300000e-01 1.090796e-01 6.328672e-02 5.350000e-01 5.300000e-01 1.150019e-01 6.902024e-02
5.400000e-01 5.250000e-01 1.151632e-01 6.908482e-02 5.350000e-01 5.300000e-01 1.150019e-01 6.902024e-02
6.500000e-01 5.250000e-01 1.832893e-01 1.293142e-01 6.550000e-01 5.300000e-01 1.888820e-01 1.343423e-01
6.550000e-01 5.300000e-01 1.888820e-01 1.343423e-01 6.650000e-01 5.300000e-01 1.946452e-01 1.395933e-01
6.650000e-01 5.300000e-01 1.946452e-01 1.395933e-01 6.700000e-01 5.350000e-01 2.000604e-01 1.445953e-01
7.600000e-01 5.250000e-01 2.426579e-01 1.920071e-01 7.650000e-01 5.300000e-01 2.487691e-01 1.968498e-01
7.650000e-01 5.300000e-01 2.487691e-01 1.968498e-01 7.700000e-01 5.350000e-01 2.549590e-01 2.016459e-01
-4.300000e-01 5.350000e-01 7.194007e-02 1.145605e-02 -4.250000e-01 5.400000e-01 7.147701e-02 1.205794e-02
-4.250000e-01 5.400000e-01 7.147701e-02 1.205794e-02 -4.200000e-01 5.450000e-01 7.089172e-02 1.268981e-02
4.850000e-01 5.400000e-01 9.234487e-02 4.601405e-02 4.800000e-01 5.450000e-01 9.262196e-02 4.620682e-02
4.850000e-01 5.400000e-01 9.234487e-02 4.601405e-02 4.950000e-01 5.400000e-01 9.778106e-02 5.183555e-02
4.950000e-01 5.400000e-01 9.778106e-02 5.183555e-02 5.050000e-01 5.400000e-01 1.033409e-01 5.761785e-02
5.100000e-01 5.350000e-01 1.033077e-01 5.749444e-02 5.050000e-01 5.400000e-01 1.033409e-01 5.761785e-02
6.700000e-01 5.350000e-01 2.000604e-01 1.445953e-01 6.750000e-01 5.400000e-01 2.054817e-01 1.497003e-01
6.750000e-01 5.400000e-01 2.054817e-01 1.497003e-01 6.800000e-01 5.450000e-01 2.108310e-01 1.548198e-01
7.700000e-01 5.350000e-01 2.549590e-01 2.016459e-01 7.700000e-01 5.450000e-01 2.603474e-01 2.060675e-01
-4.200000e-01 5.450000e-01 7.089172e-02 1.268981e-02 -4.150000e-01 5.500000e-01 7.033946e-02 1.344817e-02
-4.150000e-01 5.500000e-01 7.033946e-02 1.344817e-02 -4.100000e-01 5.550000e-01 6.966895e-02 1.424258e-02
4.650000e-01 5.500000e-01 8.774054e-02 4.073368e-02 4.600000e-01 5.550000e-01 8.816319e-02 4.112285e-02
4.650000e-01 5.500000e-01 8.774054e-02 4.073368e-02 4.750000e-01 5.500000e-01 9.287212e-02 4.653602e-02
4.800000e-01 5.450000e-01 9.262196e-02 4.620682e-02 4.750000e-01 5.500000e-01 9.287212e-02 4.653602e-02
6.800000e-01 5.450000e-01 2.108310e-01 1.548198e-01 6.850000e-01 5.500000e-01 2.162004e-01 1.600284e-01
6.850000e-01 5.500000e-01 2.162004e-01 1.600284e-01 6.900000e-01 5.550000e-01 2.215263e-01 1.652599e-01
7.700000e-01 5.450000e-01 2.603474e-01 2.060675e-01 7.700000e-01 5.550000e-01 2.657975e-01 2.106373e-01
-4.100000e-01 5.550000e-01 6.966895e-02 1.424258e-02 -4.050000e-01 5.600000e-01 6.903747e-02 1.516223e-02
-4.050000e-01 5.600000e-01 6.903747e-02 1.516223e-02 -4.000000e-01 5.650000e-01 6.829212e-02 1.612389e-02
4.450000e-01 5.600000e-01 8.374304e-02 3.588468e-02 4.400000e-01 5.650000e-01 8.430803e-02 3.648252e-02
4.450000e-01 5.600000e-01 8.374304e-02 3.588468e-02 4.550000e-01 5.600000e-01 8.855270e-02 4.164761e-02
4.600000e-01 5.550000e-01 8.816319e-02 4.112285e-02 4.550000e-01 5.600000e-01 8.855270e-02 4.164761e-02
6.900000e-01 5.550000e-01 2.215263e-01 1.652599e-01 6.950000e-01 5.600000e-01 2.268759e-01 1.705659e-01
6.950000e-01 5.600000e-01 2.268759e-01 1.705659e-01 7.000000e-01 5.650000e-01 2.322119e-01 1.758942e-01
7.700000e-01 5.550000e-01 2.657975e-01 2.106373e-01 7.700000e-01 5.650000e-01 2.712870e-01 2.153686e-01
-4.000000e-01 5.650000e-01 6.829212e-02 1.612389e-02 -3.950000e-01 5.700000e-01 6.759153e-02 1.720924e-02
-3.950000e-01 5.700000e-01 6.759153e-02 1.720924e-02 -3.850000e-01 5.700000e-01 7.182487e-02 1.135594e-02
-3.850000e-01 5.700000e-01 7.182487e-02 1.135594e-02 -3.800000e-01 5.750000e-01 7.090681e-02 1.254065e-02
4.250000e-01 5.700000e-01 8.035718e-02 3.151406e-02 4.200000e-01 5.750000e-01 8.105747e-02 3.233356e-02
4.250000e-01 5.700000e-01 8.035718e-02 3.151406e-02 4.350000e-01 5.700000e-01 8.483302e-02 3.721476e-02
4.400000e-01 5.650000e-01 8.430803e-02 3.648252e-02 4.350000e-01 5.700000e-01 8.483302e-02 3.721476e-02
7.000000e-01 5.650000e-01 2.322119e-01 1.758942e-01 7.050000e-01 5.700000e-01 2.375677e-01 1.812857e-01
7.050000e-01 5.700000e-01 2.375677e-01 1.812857e-01 7.100000e-01 5.750000e-01 2.429374e-01 1.866928e-01
7.650000e-01 5.700000e-01 2.708202e-01 2.150673e-01 7.600000e-01 5.750000e-01 2.705745e-01 2.147129e-01
7.700000e-01 5.650000e-01 2.712870e-01 2.153686e-01 7.650000e-01 5.700000e-01 2.708202e-01 2.150673e-01
-3.800000e-01 5.750000e-01 7.090681e-02 1.254065e-02 -3.750000e-01 5.800000e-01 7.004321e-02 1.384814e-02
-3.750000e-01 5.800000e-01 7.004321e-02 1.384814e-02 -3.700000e-01 5.850000e-01 6.907672e-02 1.521274e-02
4.050000e-01 5.800000e-01 7.757521e-02 2.767207e-02 4.000000e-01 5.850000e-01 7.840025e-02 2.872630e-02
4.050000e-01 5.800000e-01 7.757521e-02 2.767207e-02 4.150000e-01 5.800000e-01 8.171047e-02 3.328581e-02
4.200000e-01 5.750000e-01 8.105747e-02 3.233356e-02 4.150000e-01 5.800000e-01 8.171047e-02 3.328581e-02
7.100000e-01 5.750000e-01 2.429374e-01 1.866928e-01 7.150000e-01 5.800000e-01 2.483185e-01 1.921554e-01
7.150000e-01 5.800000e-01 2.483185e-01 1.921554e-01 7.200000e-01 5.850000e-01 2.537362e-01 1.976242e-01
7.600000e-01 5.750000e-01 2.705745e-01 2.147129e-01 7.600000e-01 5.850000e-01 2.761604e-01 2.198225e-01
-3.700000e-01 5.850000e-01 6.907672e-02 1.521274e-02 -3.650000e-01 5.900000e-01 6.816981e-02 1.669743e-02
-3.650000e-01 5.900000e-01 6.816981e-02 1.669743e-02 -3.550000e-01 5.900000e-01 7.177122e-02 1.108715e-02
-3.550000e-01 5.900000e-01 7.177122e-02 1.108715e-02 -3.500000e-01 5.950000e-01 7.067164e-02 1.269999e-02
3.850000e-01 5.900000e-01 7.537771e-02 2.441045e-02 3.800000e-01 5.950000e-01 7.631392e-02 2.571222e-02
3.850000e-01 5.900000e-01 7.537771e-02 2.441045e-02 3.950000e-01 5.900000e-01 7.917054e-02 2.991113e-02
4.000000e-01 5.850000e-01 7.840025e-02 2.872630e-02 3.950000e-01 5.900000e-01 7.917054e-02 2.991113e-02
7.200000e-01 5.850000e-01 2.537362e-01 1.976242e-01 7.250000e-01 5.900000e-01 2.591551e-01 2.031442e-01
7.250000e-01 5.900000e-01 2.591551e-01 2.031442e-01 7.350000e-01 5.900000e-01 2.646326e-01 2.086146e-01
7.350000e-01 5.900000e-01 2.646326e-01 2.086146e-01 7.450000e-01 5.900000e-01 2.702035e-01 2.141485e-01
7.450000e-01 5.900000e-01 2.702035e-01 2.141485e-01 7.550000e-01 5.900000e-01 2.759432e-01 2.197070e-01
7.600000e-01 5.850000e-01 2.761604e-01 2.198225e-01 7.550000e-01 5.900000e-01 2.759432e-01 2.197070e-01
-3.500000e-01 5.950000e-01 7.067164e-02 1.269999e-02 -3.450000e-01 6.000000e-01 6.964055e-02 1.443026e-02
-3.450000e-01 6.000000e-01 6.964055e-02 1.443026e-02 -3.400000e-01 6.050000e-01 6.852022e-02 1.623116e-02
3.650000e-01 6.000000e-01 7.373445e-02 2.178088e-02 3.600000e-01 6.050000e-01 7.476567e-02 2.334199e-02
3.650000e-01 6.000000e-01 7.373445e-02 2.178088e-02 3.750000e-01 6.000000e-01 7.718793e-02 2.714161e-02
3.800000e-01 5.950000e-01 7.631392e-02 2.571222e-02 3.750000e-01 6.000000e-01 7.718793e-02 2.714161e-02
-3.400000e-01 6.050000e-01 6.852022e-02 1.623116e-02 -3.350000e-01 6.100000e-01 6.747259e-02 1.814579e-02
-3.350000e-01 6.100000e-01 6.747259e-02 1.814579e-02 -3.250000e-01 6.100000e-01 7.050158e-02 1.285516e-02
-3.250000e-01 6.100000e-01 7.050158e-02 1.285516e-02 -3.200000e-01 6.150000e-01 6.929099e-02 1.492309e-02
3.450000e-01 6.100000e-01 7.260230e-02 1.985298e-02 3.400000e-01 6.150000e-01 7.370984e-02 2.168404e-02
3.450000e-01 6.100000e-01 7.260230e-02 1.985298e-02 3.550000e-01 6.100000e-01 7.572411e-02 2.504622e-02
3.600000e-01 6.050000e-01 7.476567e-02 2.334199e-02 3.550000e-01 6.100000e-01 7.572411e-02 2.504622e-02
-3.200000e-01 6.150000e-01 6.929099e-02 1.492309e-02 -3.150000e-01 6.200000e-01 6.816080e-02 1.710045e-02
-3.150000e-01 6.200000e-01 6.816080e-02 1.710045e-02 -3.050000e-01 6.200000e-01 7.082695e-02 1.202642e-02
-3.050000e-01 6.200000e-01 7.082695e-02 1.202642e-02 -3.000000e-01 6.250000e-01 6.955321e-02 1.437151e-02
3.150000e-01 6.200000e-01 6.931727e-02 1.368659e-02 3.100000e-01 6.250000e-01 7.054001e-02 1.590419e-02
3.150000e-01 6.200000e-01 6.931727e-02 1.368659e-02 3.250000e-01 6.200000e-01 7.193865e-02 1.863598e-02
3.250000e-01 6.200000e-01 7.193865e-02 1.863598e-02 3.350000e-01 6.200000e-01 7.474076e-02 2.363562e-02
3.400000e-01 6.150000e-01 7.370984e-02 2.168404e-02 3.350000e-01 6.200000e-01 7.474076e-02 2.363562e-02
-3.000000e-01 6.250000e-01 6.955321e-02 1.437151e-02 -2.950000e-01 6.300000e-01 6.836666e-02 1.682085e-02
-2.950000e-01 6.300000e-01 6.836666e-02 1.682085e-02 -2.850000e-01 6.300000e-01 7.069638e-02 1.199103e-02
-2.850000e-01 6.300000e-01 7.069638e-02 1.199103e-02 -2.800000e-01 6.350000e-01 6.938729e-02 1.462091e-02
2.950000e-01 6.300000e-01 6.935884e-02 1.349742e-02 2.900000e-01 6.350000e-01 7.061056e-02 1.598544e-02
2.950000e-01 6.300000e-01 6.935884e-02 1.349742e-02 3.050000e-01 6.300000e-01 7.168003e-02 1.821375e-02
3.100000e-01 6.250000e-01 7.054001e-02 1.590419e-02 3.050000e-01 6.300000e-01 7.168003e-02 1.821375e-02
-2.800000e-01 6.350000e-01 6.938729e-02 1.462091e-02 -2.750000e-01 6.400000e-01 6.817127e-02 1.734896e-02
-2.750000e-01 6.400000e-01 6.817127e-02 1.734896e-02 -2.650000e-01 6.400000e-01 7.019429e-02 1.278867e-02
-2.650000e-01 6.400000e-01 7.019429e-02 1.278867e-02 -2.600000e-01 6.450000e-01 6.887787e-02 1.570799e-02
2.650000e-01 6.400000e-01 6.785713e-02 9.742990e-03 2.600000e-01 6.450000e-01 6.915217e-02 1.262607e-02
2.650000e-01 6.400000e-01 6.785713e-02 9.742990e-03 2.750000e-01 6.400000e-01 6.972752e-02 1.412083e-02
2.750000e-01 6.400000e-01 6.972752e-02 1.412083e-02 2.850000e-01 6.400000e-01 7.177037e-02 1.858069e-02
2.900000e-01 6.350000e-01 7.061056e-02 1.598544e-02 2.850000e-01 6.400000e-01 7.177037e-02 1.858069e-02
-2.600000e-01 6.450000e-01 6.887787e-02 1.570799e-02 -2.550000e-01 6.500000e-01 6.765937e-02 1.871880e-02
-2.550000e-01 6.500000e-01 6.765937e-02 1.871880e-02 -2.450000e-01 6.500000e-01 6.940812e-02 1.445045e-02
-2.450000e-01 6.500000e-01 6.940812e-02 1.445045e-02 -2.400000e-01 6.550000e-01 6.811220e-02 1.766100e-02
2.450000e-01 6.500000e-01 6.872248e-02 1.152053e-02 2.400000e-01 6.550000e-01 6.998458e-02 1.470521e-02
2.450000e-01 6.500000e-01 6.872248e-02 1.152053e-02 2.550000e-01 6.500000e-01 7.034764e-02 1.560786e-02
2.600000e-01 6.450000e-01 6.915217e-02 1.262607e-02 2.550000e-01 6.500000e-01 7.034764e-02 1.560786e-02
-2.400000e-01 6.550000e-01 6.811220e-02 1.766100e-02 -2.350000e-01 6.600000e-01 6.691794e-02 2.095583e-02
-2.350000e-01 6.600000e-01 6.691794e-02 2.095583e-02 -2.250000e-01 6.600000e-01 6.842702e-02 1.699880e-02
-2.250000e-01 6.600000e-01 6.842702e-02 1.699880e-02 -2.150000e-01 6.600000e-01 6.977007e-02 1.315847e-02
-2.150000e-01 6.600000e-01 6.977007e-02 1.315847e-02 -2.100000e-01 6.650000e-01 6.850211e-02 1.676569e-02
2.150000e-01 6.600000e-01 6.847712e-02 1.053587e-02 2.100000e-01 6.650000e-01 6.969809e-02 1.412819e-02
2.150000e-01 6.600000e-01 6.847712e-02 1.053587e-02 2.250000e-01 6.600000e-01 6.973388e-02 1.420269e-02
2.250000e-01 6.600000e-01 6.973388e-02 1.420269e-02 2.350000e-01 6.600000e-01 7.114360e-02 1.798097e-02
2.400000e-01 6.550000e-01 6.998458e-02 1.470521e-02 2.350000e-01 6.600000e-01 7.114360e-02 1.798097e-02
-2.100000e-01 6.650000e-01 6.850211e-02 1.676569e-02 -2.050000e-01 6.700000e-01 6.734036e-02 2.044712e-02
-2.050000e-01 6.700000e-01 6.734036e-02 2.044712e-02 -1.950000e-01 6.700000e-01 6.849366e-02 1.694397e-02
-1.950000e-01 6.700000e-01 6.849366e-02 1.694397e-02 -1.850000e-01 6.700000e-01 6.949914e-02 1.357321e-02
-1.850000e-01 6.700000e-01 6.949914e-02 1.357321e-02 -1.750000e-01 6.700000e-01 7.036151e-02 1.034044e-02
-1.750000e-01 6.700000e-01 7.036151e-02 1.034044e-02 -1.700000e-01 6.750000e-01 6.917943e-02 1.445501e-02
1.750000e-01 6.700000e-01 6.796636e-02 8.191867e-03 1.700000e-01 6.750000e-01 6.909119e-02 1.230394e-02
1.750000e-01 6.700000e-01 6.796636e-02 8.191867e-03 1.850000e-01 6.700000e-01 6.877958e-02 1.126413e-02
1.850000e-01 6.700000e-01 6.877958e-02 1.126413e-02 1.950000e-01 6.700000e-01 6.972665e-02 1.446907e-02
1.950000e-01 6.700000e-01 6.972665e-02 1.446907e-02 2.050000e-01 6.700000e-01 7.081150e-02 1.780133e-02
2.100000e-01 6.650000e-01 6.969809e-02 1.412819e-02 2.050000e-01 6.700000e-01 7.081150e-02 1.780133e-02
-1.700000e-01 6.750000e-01 6.917943e-02 1.445501e-02 -1.650000e-01 6.800000e-01 6.810700e-02 1.863020e-02
-1.650000e-01 6.800000e-01 6.810700e-02 1.863020e-02 -1.550000e-01 6.800000e-01 6.884891e-02 1.576113e-02
-1.550000e-01 6.800000e-01 6.884891e-02 1.576113e-02 -1.450000e-01 6.800000e-01 6.946942e-02 1.304244e-02
-1.450000e-01 6.800000e-01 6.946942e-02 1.304244e-02 -1.350000e-01 6.800000e-01 6.997462e-02 1.047885e-02
-1.350000e-01 6.800000e-01 6.997462e-02 1.047885e-02 -1.300000e-01 6.850000e-01 6.897102e-02 1.509291e-02
1.250000e-01 6.800000e-01 6.795710e-02 6.533914e-03 1.200000e-01 6.850000e-01 6.886771e-02 1.127213e-02
1.250000e-01 6.800000e-01 6.795710e-02 6.533914e-03 1.350000e-01 6.800000e-01 6.833292e-02 8.793347e-03
1.350000e-01 6.800000e-01 6.833292e-02 8.793347e-03 1.450000e-01 6.800000e-01 6.881239e-02 1.120775e-02
1.450000e-01 6.800000e-01 6.881239e-02 1.120775e-02 1.550000e-01 6.800000e-01 6.940123e-02 1.377254e-02
1.550000e-01 6.800000e-01 6.940123e-02 1.377254e-02 1.650000e-01 6.800000e-01 7.010475e-02 1.648288e-02
1.700000e-01 6.750000e-01 6.909119e-02 1.230394e-02 1.650000e-01 6.800000e-01 7.010475e-02 1.648288e-02
-1.300000e-01 6.850000e-01 6.897102e-02 1.509291e-02 -1.250000e-01 6.900000e-01 6.807649e-02 1.975334e-02
-1.250000e-01 6.900000e-01 6.807649e-02 1.975334e-02 -1.150000e-01 6.900000e-01 6.853443e-02 1.756746e-02
-1.150000e-01 6.900000e-01 6.853443e-02 1.756746e-02 -1.050000e-01 6.900000e-01 6.890102e-02 1.554507e-02
-1.050000e-01 6.900000e-01 6.890102e-02 1.554507e-02 -9.500000e-02 6.900000e-01 6.918335e-02 1.368970e-02
-9.500000e-02 6.900000e-01 6.918335e-02 1.368970e-02 -8.500000e-02 6.900000e-01 6.938870e-02 1.200444e-02
-8.500000e-02 6.900000e-01 6.938870e-02 1.200444e-02 -7.500000e-02 6.900000e-01 6.952454e-02 1.049239e-02
-7.500000e-02 6.900000e-01 6.952454e-02 1.049239e-02 -6.500000e-02 6.900000e-01 6.959861e-02 9.156110e-03
-6.500000e-02 6.900000e-01 6.959861e-02 9.156110e-03 -6.000000e-02 6.950000e-01 6.902971e-02 1.455898e-02
5.500000e-02 6.900000e-01 6.863751e-02 7.311764e-03 5.000000e-02 6.950000e-01 6.907684e-02 1.285667e-02
5.500000e-02 6.900000e-01 6.863751e-02 7.311764e-03 6.500000e-02 6.900000e-01 6.865388e-02 8.340302e-03
6.500000e-02 6.900000e-01 6.865388e-02 8.340302e-03 7.500000e-02 6.900000e-01 6.872259e-02 9.544375e-03
7.500000e-02 6.900000e-01 6.872259e-02 9.544375e-03 8.500000e-02 6.900000e-01 6.885112e-02 1.092142e-02
8.500000e-02 6.900000e-01 6.885112e-02 1.092142e-02 9.500000e-02 6.900000e-01 6.904672e-02 1.246846e-02
9.500000e-02 6.900000e-01 6.904672e-02 1.246846e-02 1.050000e-01 6.900000e-01 6.931641e-02 1.418227e-02
1.050000e-01 6.900000e-01 6.931641e-02 1.418227e-02 1.150000e-01 6.900000e-01 6.966692e-02 1.605946e-02
1.200000e-01 6.850000e-01 6.886771e-02 1.127213e-02 1.150000e-01 6.900000e-01 6.966692e-02 1.605946e-02
-6.000000e-02 6.950000e-01 6.902971e-02 1.455898e-02 -5.500000e-02 7.000000e-01 6.856196e-02 1.998497e-02
-5.500000e-02 7.000000e-01 6.856196e-02 1.998497e-02 -4.500000e-02 7.000000e-01 6.871468e-02 1.902748e-02
-4.500000e-02 7.000000e-01 6.871468e-02 1.902748e-02 -3.500000e-02 7.000000e-01 6.883111e-02 1.824660e-02
-3.500000e-02 7.000000e-01 6.883111e-02 1.824660e-02 -2.500000e-02 7.000000e-01 6.891919e-02 1.764352e-02
-2.500000e-02 7.000000e-01 6.891919e-02 1.764352e-02 -1.500000e-02 7.000000e-01 6.898686e-02 1.721902e-02
-1.500000e-02 7.000000e-01 6.898686e-02 1.721902e-02 -5.000000e-03 7.000000e-01 6.904216e-02 1.697369e-02
-5.000000e-03 7.000000e-01 6.904216e-02 1.697369e-02 5.000000e-03 7.000000e-01 6.909311e-02 1.690764e-02
5.000000e-03 7.000000e-01 6.909311e-02 1.690764e-02 1.500000e-02 7.000000e-01 6.914773e-02 1.702060e-02
1.500000e-02 7.000000e-01 6.914773e-02 1.702060e-02 2.500000e-02 7.000000e-01 6.921399e-02 1.731212e-02
2.500000e-02 7.000000e-01 6.921399e-02 1.731212e-02 3.500000e-02 7.000000e-01 6.929978e-02 1.778139e-02
3.500000e-02 7.000000e-01 6.929978e-02 1.778139e-02 4.500000e-02 7.000000e-01 6.941292e-02 1.842709e-02
5.000000e-02 6.950000e-01 6.907684e-02 1.285667e-02 4.500000e-02 7.000000e-01 6.941292e-02 1.842709e-02
