-5.250000e-01 -8.500000e-01 -1.929486e-01 -3.409218e-01 -5.300000e-01 -8.450000e-01 -1.920331e-01 -3.394626e-01
-5.250000e-01 -8.500000e-01 -1.929486e-01 -3.409218e-01 -5.150000e-01 -8.500000e-01 -1.892654e-01 -3.352649e-01
-5.150000e-01 -8.500000e-01 -1.892654e-01 -3.352649e-01 -5.050000e-01 -8.500000e-01 -1.857232e-01 -3.296342e-01
-5.050000e-01 -8.500000e-01 -1.857232e-01 -3.296342e-01 -4.950000e-01 -8.500000e-01 -1.823076e-01 -3.240428e-01
-4.950000e-01 -8.500000e-01 -1.823076e-01 -3.240428e-01 -4.850000e-01 -8.500000e-01 -1.790037e-01 -3.185037e-01
-4.850000e-01 -8.500000e-01 -1.790037e-01 -3.185037e-01 -4.750000e-01 -8.500000e-01 -1.757970e-01 -3.130291e-01
-4.750000e-01 -8.500000e-01 -1.757970e-01 -3.130291e-01 -4.650000e-01 -8.500000e-01 -1.726735e-01 -3.076303e-01
-4.650000e-01 -8.500000e-01 -1.726735e-01 -3.076303e-01 -4.550000e-01 -8.500000e-01 -1.696204e-01 -3.023171e-01
-4.550000e-01 -8.500000e-01 -1.696204e-01 -3.023171e-01 -4.500000e-01 -8.450000e-01 -1.655143e-01 -2.949594e-01
-5.350000e-01 -8.400000e-01 -1.910753e-01 -3.380953e-01 -5.400000e-01 -8.350000e-01 -1.902122e-01 -3.367615e-01
-5.300000e-01 -8.450000e-01 -1.920331e-01 -3.394626e-01 -5.350000e-01 -8.400000e-01 -1.910753e-01 -3.380953e-01
-4.500000e-01 -8.450000e-01 -1.655143e-01 -2.949594e-01 -4.450000e-01 -8.400000e-01 -1.613905e-01 -2.875911e-01
-4.450000e-01 -8.400000e-01 -1.613905e-01 -2.875911e-01 -4.350000e-01 -8.400000e-01 -1.585496e-01 -2.823398e-01
-4.350000e-01 -8.400000e-01 -1.585496e-01 -2.823398e-01 -4.250000e-01 -8.400000e-01 -1.557548e-01 -2.771960e-01
-4.250000e-01 -8.400000e-01 -1.557548e-01 -2.771960e-01 -4.200000e-01 -8.350000e-01 -1.518613e-01 -2.697848e-01
-5.400000e-01 -8.350000e-01 -1.902122e-01 -3.367615e-01 -5.400000e-01 -8.250000e-01 -1.844002e-01 -3.284457e-01
-4.200000e-01 -8.350000e-01 -1.518613e-01 -2.697848e-01 -4.150000e-01 -8.300000e-01 -1.479569e-01 -2.623586e-01
-4.150000e-01 -8.300000e-01 -1.479569e-01 -2.623586e-01 -4.050000e-01 -8.300000e-01 -1.453515e-01 -2.573088e-01
-4.050000e-01 -8.300000e-01 -1.453515e-01 -2.573088e-01 -4.000000e-01 -8.250000e-01 -1.416003e-01 -2.498646e-01
-5.450000e-01 -8.200000e-01 -1.834952e-01 -3.272734e-01 -5.500000e-01 -8.150000e-01 -1.827164e-01 -3.261098e-01
-5.400000e-01 -8.250000e-01 -1.844002e-01 -3.284457e-01 -5.450000e-01 -8.200000e-01 -1.834952e-01 -3.272734e-01
-4.000000e-01 -8.250000e-01 -1.416003e-01 -2.498646e-01 -3.950000e-01 -8.200000e-01 -1.378421e-01 -2.424032e-01
-3.950000e-01 -8.200000e-01 -1.378421e-01 -2.424032e-01 -3.850000e-01 -8.200000e-01 -1.354189e-01 -2.374649e-01
-3.850000e-01 -8.200000e-01 -1.354189e-01 -2.374649e-01 -3.800000e-01 -8.150000e-01 -1.318155e-01 -2.299932e-01
-5.500000e-01 -8.150000e-01 -1.827164e-01 -3.261098e-01 -5.500000e-01 -8.050000e-01 -1.768295e-01 -3.180331e-01
-3.800000e-01 -8.150000e-01 -1.318155e-01 -2.299932e-01 -3.750000e-01 -8.100000e-01 -1.247661e-01 -2.429953e-01
-3.750000e-01 -8.100000e-01 -1.247661e-01 -2.429953e-01 -3.650000e-01 -8.100000e-01 -1.259643e-01 -2.176908e-01
-3.650000e-01 -8.100000e-01 -1.259643e-01 -2.176908e-01 -3.600000e-01 -8.050000e-01 -1.225150e-01 -2.101973e-01
-5.500000e-01 -8.050000e-01 -1.768295e-01 -3.180331e-01 -5.500000e-01 -7.950000e-01 -1.708977e-01 -3.100426e-01
-3.600000e-01 -8.050000e-01 -1.225150e-01 -2.101973e-01 -3.550000e-01 -8.000000e-01 -1.190663e-01 -2.026829e-01
-3.550000e-01 -8.000000e-01 -1.190663e-01 -2.026829e-01 -3.450000e-01 -8.000000e-01 -1.169997e-01 -1.980123e-01
-3.450000e-01 -8.000000e-01 -1.169997e-01 -1.980123e-01 -3.400000e-01 -7.950000e-01 -1.137117e-01 -1.905029e-01
-5.500000e-01 -7.950000e-01 -1.708977e-01 -3.100426e-01 -5.500000e-01 -7.850000e-01 -1.649260e-01 -3.021369e-01
-3.400000e-01 -7.950000e-01 -1.137117e-01 -1.905029e-01 -3.350000e-01 -7.900000e-01 -1.104280e-01 -1.829710e-01
-3.350000e-01 -7.900000e-01 -1.104280e-01 -1.829710e-01 -3.250000e-01 -7.900000e-01 -1.085419e-01 -1.784542e-01
-3.250000e-01 -7.900000e-01 -1.085419e-01 -1.784542e-01 -3.200000e-01 -7.850000e-01 -1.054231e-01 -1.709351e-01
-5.500000e-01 -7.850000e-01 -1.649260e-01 -3.021369e-01 -5.500000e-01 -7.750000e-01 -1.589196e-01 -2.943147e-01
-3.200000e-01 -7.850000e-01 -1.054231e-01 -1.709351e-01 -3.150000e-01 -7.800000e-01 -1.023126e-01 -1.633925e-01
-3.150000e-01 -7.800000e-01 -1.023126e-01 -1.633925e-01 -3.050000e-01 -7.800000e-01 -1.006117e-01 -1.590417e-01
-3.050000e-01 -7.800000e-01 -1.006117e-01 -1.590417e-01 -2.950000e-01 -7.800000e-01 -9.892973e-02 -1.548420e-01
-2.950000e-01 -7.800000e-01 -9.892973e-02 -1.548420e-01 -2.900000e-01 -7.750000e-01 -9.607453e-02 -1.473336e-01
-5.500000e-01 -7.750000e-01 -1.589196e-01 -2.943147e-01 -5.500000e-01 -7.650000e-01 -1.528832e-01 -2.865745e-01
-2.900000e-01 -7.750000e-01 -9.607453e-02 -1.473336e-01 -2.850000e-01 -7.700000e-01 -9.323386e-02 -1.398004e-01
-2.850000e-01 -7.700000e-01 -9.323386e-02 -1.398004e-01 -2.750000e-01 -7.700000e-01 -9.174571e-02 -1.357827e-01
-2.750000e-01 -7.700000e-01 -9.174571e-02 -1.357827e-01 -2.700000e-01 -7.650000e-01 -8.908137e-02 -1.282827e-01
-5.500000e-01 -7.650000e-01 -1.528832e-01 -2.865745e-01 -5.500000e-01 -7.550000e-01 -1.468212e-01 -2.789153e-01
-2.700000e-01 -7.650000e-01 -8.908137e-02 -1.282827e-01 -2.650000e-01 -7.600000e-01 -8.643578e-02 -1.207576e-01
-2.650000e-01 -7.600000e-01 -8.643578e-02 -1.207576e-01 -2.550000e-01 -7.600000e-01 -8.514981e-02 -1.169342e-01
-2.550000e-01 -7.600000e-01 -8.514981e-02 -1.169342e-01 -2.450000e-01 -7.600000e-01 -8.388845e-02 -1.132691e-01
-2.450000e-01 -7.600000e-01 -8.388845e-02 -1.132691e-01 -2.400000e-01 -7.550000e-01 -8.151731e-02 -1.058105e-01
-5.500000e-01 -7.550000e-01 -1.468212e-01 -2.789153e-01 -5.500000e-01 -7.450000e-01 -1.407380e-01 -2.713360e-01
-2.400000e-01 -7.550000e-01 -8.151731e-02 -1.058105e-01 -2.350000e-01 -7.500000e-01 -7.917188e-02 -9.832656e-02
-2.350000e-01 -7.500000e-01 -7.917188e-02 -9.832656e-02 -2.250000e-01 -7.500000e-01 -7.812334e-02 -9.487319e-02
-2.250000e-01 -7.500000e-01 -7.812334e-02 -9.487319e-02 -2.200000e-01 -7.450000e-01 -7.596752e-02 -8.744567e-02
-5.500000e-01 -7.450000e-01 -1.407380e-01 -2.713360e-01 -5.500000e-01 -7.350000e-01 -1.346373e-01 -2.638360e-01
-2.200000e-01 -7.450000e-01 -7.596752e-02 -8.744567e-02 -2.150000e-01 -7.400000e-01 -7.384246e-02 -7.999306e-02
-2.150000e-01 -7.400000e-01 -7.384246e-02 -7.999306e-02 -2.050000e-01 -7.400000e-01 -7.301445e-02 -7.676612e-02
-2.050000e-01 -7.400000e-01 -7.301445e-02 -7.676612e-02 -1.950000e-01 -7.400000e-01 -7.221503e-02 -7.370632e-02
-1.950000e-01 -7.400000e-01 -7.221503e-02 -7.370632e-02 -1.850000e-01 -7.400000e-01 -7.144429e-02 -7.081377e-02
-1.850000e-01 -7.400000e-01 -7.144429e-02 -7.081377e-02 -1.800000e-01 -7.350000e-01 -6.971075e-02 -6.350546e-02
-5.500000e-01 -7.350000e-01 -1.346373e-01 -2.638360e-01 -5.500000e-01 -7.250000e-01 -1.285227e-01 -2.564147e-01
-1.800000e-01 -7.350000e-01 -6.971075e-02 -6.350546e-02 -1.750000e-01 -7.300000e-01 -6.801881e-02 -5.617366e-02
-1.750000e-01 -7.300000e-01 -6.801881e-02 -5.617366e-02 -1.650000e-01 -7.300000e-01 -6.747461e-02 -5.353449e-02
-1.650000e-01 -7.300000e-01 -6.747461e-02 -5.353449e-02 -1.550000e-01 -7.300000e-01 -6.695753e-02 -5.106829e-02
-1.550000e-01 -7.300000e-01 -6.695753e-02 -5.106829e-02 -1.450000e-01 -7.300000e-01 -6.646621e-02 -4.877553e-02
-1.450000e-01 -7.300000e-01 -6.646621e-02 -4.877553e-02 -1.400000e-01 -7.250000e-01 -6.517322e-02 -4.163346e-02
-5.500000e-01 -7.250000e-01 -1.285227e-01 -2.564147e-01 -5.500000e-01 -7.150000e-01 -1.223974e-01 -2.490719e-01
-1.400000e-01 -7.250000e-01 -6.517322e-02 -4.163346e-02 -1.350000e-01 -7.200000e-01 -6.393374e-02 -3.447124e-02
-1.350000e-01 -7.200000e-01 -6.393374e-02 -3.447124e-02 -1.250000e-01 -7.200000e-01 -6.366539e-02 -3.246209e-02
-1.250000e-01 -7.200000e-01 -6.366539e-02 -3.246209e-02 -1.150000e-01 -7.200000e-01 -6.341690e-02 -3.063271e-02
-1.150000e-01 -7.200000e-01 -6.341690e-02 -3.063271e-02 -1.050000e-01 -7.200000e-01 -6.318539e-02 -2.898368e-02
-1.050000e-01 -7.200000e-01 -6.318539e-02 -2.898368e-02 -9.500000e-02 -7.200000e-01 -6.296765e-02 -2.751514e-02
-9.500000e-02 -7.200000e-01 -6.296765e-02 -2.751514e-02 -8.500000e-02 -7.200000e-01 -6.276013e-02 -2.622756e-02
-8.500000e-02 -7.200000e-01 -6.276013e-02 -2.622756e-02 -8.000000e-02 -7.150000e-01 -6.210635e-02 -1.944074e-02
-5.500000e-01 -7.150000e-01 -1.223974e-01 -2.490719e-01 -5.500000e-01 -7.050000e-01 -1.162640e-01 -2.418078e-01
-8.000000e-02 -7.150000e-01 -6.210635e-02 -1.944074e-02 -7.500000e-02 -7.100000e-01 -6.152435e-02 -1.264211e-02
-7.500000e-02 -7.100000e-01 -6.152435e-02 -1.264211e-02 -6.500000e-02 -7.100000e-01 -6.150920e-02 -1.168188e-02
-6.500000e-02 -7.100000e-01 -6.150920e-02 -1.168188e-02 -5.500000e-02 -7.100000e-01 -6.149171e-02 -1.090809e-02
-5.500000e-02 -7.100000e-01 -6.149171e-02 -1.090809e-02 -4.500000e-02 -7.100000e-01 -6.146705e-02 -1.032057e-02
-4.500000e-02 -7.100000e-01 -6.146705e-02 -1.032057e-02 -3.500000e-02 -7.100000e-01 -6.143018e-02 -9.919009e-03
-3.500000e-02 -7.100000e-01 -6.143018e-02 -9.919009e-03 -2.500000e-02 -7.100000e-01 -6.137584e-02 -9.702883e-03
-2.500000e-02 -7.100000e-01 -6.137584e-02 -9.702883e-03 -1.500000e-02 -7.100000e-01 -6.129860e-02 -9.671292e-03
-1.500000e-02 -7.100000e-01 -6.129860e-02 -9.671292e-03 -1.000000e-02 -7.050000e-01 -6.132180e-02 -3.444867e-03
-5.500000e-01 -7.050000e-01 -1.162640e-01 -2.418078e-01 -5.500000e-01 -6.950000e-01 -1.101251e-01 -2.346227e-01
-1.000000e-02 -7.050000e-01 -6.132180e-02 -3.444867e-03 -5.000000e-03 -7.000000e-01 -6.143621e-02 2.777743e-03
-5.000000e-03 -7.000000e-01 -6.143621e-02 2.777743e-03 5.000000e-03 -7.000000e-01 -6.148085e-02 2.441096e-03
5.000000e-03 -7.000000e-01 -6.148085e-02 2.441096e-03 1.500000e-02 -7.000000e-01 -6.148398e-02 1.917946e-03
1.500000e-02 -7.000000e-01 -6.148398e-02 1.917946e-03 2.500000e-02 -7.000000e-01 -6.143951e-02 1.210022e-03
2.500000e-02 -7.000000e-01 -6.143951e-02 1.210022e-03 3.500000e-02 -7.000000e-01 -6.134130e-02 3.192902e-04
3.500000e-02 -7.000000e-01 -6.134130e-02 3.192902e-04 4.500000e-02 -7.000000e-01 -6.118322e-02 -7.522225e-04
4.500000e-02 -7.000000e-01 -6.118322e-02 -7.522225e-04 5.000000e-02 -6.950000e-01 -6.169590e-02 4.882746e-03
-5.500000e-01 -6.950000e-01 -1.101251e-01 -2.346227e-01 -5.500000e-01 -6.850000e-01 -1.039828e-01 -2.275172e-01
5.000000e-02 -6.950000e-01 -6.169590e-02 4.882746e-03 5.500000e-02 -6.900000e-01 -6.231245e-02 1.049620e-02
5.500000e-02 -6.900000e-01 -6.231245e-02 1.049620e-02 6.500000e-02 -6.900000e-01 -6.219288e-02 9.037671e-03
6.500000e-02 -6.900000e-01 -6.219288e-02 9.037671e-03 7.500000e-02 -6.900000e-01 -6.199213e-02 7.401643e-03
7.500000e-02 -6.900000e-01 -6.199213e-02 7.401643e-03 8.500000e-02 -6.900000e-01 -6.170402e-02 5.591331e-03
8.500000e-02 -6.900000e-01 -6.170402e-02 5.591331e-03 9.500000e-02 -6.900000e-01 -6.132254e-02 3.610430e-03
9.500000e-02 -6.900000e-01 -6.132254e-02 3.610430e-03 1.000000e-01 -6.850000e-01 -6.215587e-02 8.686962e-03
-5.500000e-01 -6.850000e-01 -1.039828e-01 -2.275172e-01 -5.500000e-01 -6.750000e-01 -9.783893e-02 -2.204925e-01
1.000000e-01 -6.850000e-01 -6.215587e-02 8.686962e-03 1.050000e-01 -6.800000e-01 -6.309931e-02 1.372511e-02
1.050000e-01 -6.800000e-01 -6.309931e-02 1.372511e-02 1.150000e-01 -6.800000e-01 -6.267656e-02 1.135702e-02
1.150000e-01 -6.800000e-01 -6.267656e-02 1.135702e-02 1.250000e-01 -6.800000e-01 -6.213897e-02 8.826084e-03
1.250000e-01 -6.800000e-01 -6.213897e-02 8.826084e-03 1.350000e-01 -6.800000e-01 -6.148108e-02 6.136961e-03
1.350000e-01 -6.800000e-01 -6.148108e-02 6.136961e-03 1.400000e-01 -6.750000e-01 -6.251033e-02 1.073010e-02
-5.500000e-01 -6.750000e-01 -9.783893e-02 -2.204925e-01 -5.500000e-01 -6.650000e-01 -9.169494e-02 -2.135496e-01
1.400000e-01 -6.750000e-01 -6.251033e-02 1.073010e-02 1.450000e-01 -6.700000e-01 -6.365138e-02 1.527037e-02
1.450000e-01 -6.700000e-01 -6.365138e-02 1.527037e-02 1.550000e-01 -6.700000e-01 -6.288499e-02 1.220496e-02
1.550000e-01 -6.700000e-01 -6.288499e-02 1.220496e-02 1.650000e-01 -6.700000e-01 -6.197806e-02 8.992987e-03
1.650000e-01 -6.700000e-01 -6.197806e-02 8.992987e-03 1.700000e-01 -6.650000e-01 -6.312825e-02 1.319798e-02
-5.500000e-01 -6.650000e-01 -9.169494e-02 -2.135496e-01 -5.450000e-01 -6.600000e-01 -8.574621e-02 -2.070487e-01
-5.450000e-01 -6.600000e-01 -8.574621e-02 -2.070487e-01 -5.400000e-01 -6.550000e-01 -7.987062e-02 -2.004895e-01
1.700000e-01 -6.650000e-01 -6.312825e-02 1.319798e-02 1.750000e-01 -6.600000e-01 -6.438976e-02 1.733884e-02
1.750000e-01 -6.600000e-01 -6.438976e-02 1.733884e-02 1.850000e-01 -6.600000e-01 -6.332243e-02 1.376459e-02
1.850000e-01 -6.600000e-01 -6.332243e-02 1.376459e-02 1.950000e-01 -6.600000e-01 -6.209602e-02 1.005813e-02
1.950000e-01 -6.600000e-01 -6.209602e-02 1.005813e-02 2.000000e-01 -6.550000e-01 -6.331744e-02 1.386848e-02
-5.400000e-01 -6.550000e-01 -7.987062e-02 -2.004895e-01 -5.400000e-01 -6.450000e-01 -7.361151e-02 -1.937179e-01
2.000000e-01 -6.550000e-01 -6.331744e-02 1.386848e-02 2.050000e-01 -6.500000e-01 -6.464739e-02 1.760367e-02
2.050000e-01 -6.500000e-01 -6.464739e-02 1.760367e-02 2.150000e-01 -6.500000e-01 -6.321022e-02 1.355604e-02
2.150000e-01 -6.500000e-01 -6.321022e-02 1.355604e-02 2.200000e-01 -6.450000e-01 -6.448522e-02 1.707629e-02
-5.400000e-01 -6.450000e-01 -7.361151e-02 -1.937179e-01 -5.400000e-01 -6.350000e-01 -6.735519e-02 -1.870345e-01
2.200000e-01 -6.450000e-01 -6.448522e-02 1.707629e-02 2.250000e-01 -6.400000e-01 -6.586643e-02 2.051328e-02
2.250000e-01 -6.400000e-01 -6.586643e-02 2.051328e-02 2.350000e-01 -6.400000e-01 -6.418277e-02 1.614033e-02
2.350000e-01 -6.400000e-01 -6.418277e-02 1.614033e-02 2.450000e-01 -6.400000e-01 -6.231255e-02 1.166354e-02
2.450000e-01 -6.400000e-01 -6.231255e-02 1.166354e-02 2.500000e-01 -6.350000e-01 -6.356981e-02 1.479136e-02
-5.400000e-01 -6.350000e-01 -6.735519e-02 -1.870345e-01 -5.400000e-01 -6.250000e-01 -6.110264e-02 -1.804415e-01
2.500000e-01 -6.350000e-01 -6.356981e-02 1.479136e-02 2.550000e-01 -6.300000e-01 -6.492662e-02 1.782655e-02
2.550000e-01 -6.300000e-01 -6.492662e-02 1.782655e-02 2.650000e-01 -6.300000e-01 -6.276564e-02 1.305663e-02
2.650000e-01 -6.300000e-01 -6.276564e-02 1.305663e-02 2.700000e-01 -6.250000e-01 -6.401304e-02 1.589751e-02
-5.400000e-01 -6.250000e-01 -6.110264e-02 -1.804415e-01 -5.400000e-01 -6.150000e-01 -5.485470e-02 -1.739411e-01
2.700000e-01 -6.250000e-01 -6.401304e-02 1.589751e-02 2.750000e-01 -6.200000e-01 -6.535492e-02 1.863885e-02
2.750000e-01 -6.200000e-01 -6.535492e-02 1.863885e-02 2.850000e-01 -6.200000e-01 -6.287232e-02 1.359928e-02
2.850000e-01 -6.200000e-01 -6.287232e-02 1.359928e-02 2.900000e-01 -6.150000e-01 -6.408318e-02 1.615764e-02
-5.400000e-01 -6.150000e-01 -5.485470e-02 -1.739411e-01 -5.400000e-01 -6.050000e-01 -4.861210e-02 -1.675361e-01
2.900000e-01 -6.150000e-01 -6.408318e-02 1.615764e-02 2.950000e-01 -6.100000e-01 -6.538238e-02 1.861043e-02
2.950000e-01 -6.100000e-01 -6.538238e-02 1.861043e-02 3.000000e-01 -6.050000e-01 -6.660740e-02 2.097632e-02
-5.400000e-01 -6.050000e-01 -4.861210e-02 -1.675361e-01 -5.400000e-01 -5.950000e-01 -4.237542e-02 -1.612290e-01
3.000000e-01 -6.050000e-01 -6.660740e-02 2.097632e-02 3.050000e-01 -6.000000e-01 -6.791762e-02 2.323189e-02
3.050000e-01 -6.000000e-01 -6.791762e-02 2.323189e-02 3.150000e-01 -6.000000e-01 -6.492704e-02 1.778235e-02
3.150000e-01 -6.000000e-01 -6.492704e-02 1.778235e-02 3.200000e-01 -5.950000e-01 -6.607231e-02 1.987496e-02
-5.400000e-01 -5.950000e-01 -4.237542e-02 -1.612290e-01 -5.400000e-01 -5.850000e-01 -3.614537e-02 -1.550231e-01
3.200000e-01 -5.950000e-01 -6.607231e-02 1.987496e-02 3.250000e-01 -5.900000e-01 -6.729503e-02 2.185247e-02
3.250000e-01 -5.900000e-01 -6.729503e-02 2.185247e-02 3.350000e-01 -5.900000e-01 -6.391148e-02 1.620356e-02
3.350000e-01 -5.900000e-01 -6.391148e-02 1.620356e-02 3.400000e-01 -5.850000e-01 -6.495116e-02 1.803438e-02
-5.400000e-01 -5.850000e-01 -3.614537e-02 -1.550231e-01 -5.400000e-01 -5.750000e-01 -2.992240e-02 -1.489211e-01
3.400000e-01 -5.850000e-01 -6.495116e-02 1.803438e-02 3.450000e-01 -5.800000e-01 -6.605986e-02 1.974623e-02
3.450000e-01 -5.800000e-01 -6.605986e-02 1.974623e-02 3.500000e-01 -5.750000e-01 -6.706985e-02 2.139132e-02
-5.400000e-01 -5.750000e-01 -2.992240e-02 -1.489211e-01 -5.400000e-01 -5.650000e-01 -2.370731e-02 -1.429266e-01
3.500000e-01 -5.750000e-01 -6.706985e-02 2.139132e-02 3.550000e-01 -5.700000e-01 -6.814404e-02 2.291410e-02
3.550000e-01 -5.700000e-01 -6.814404e-02 2.291410e-02 3.650000e-01 -5.700000e-01 -6.414322e-02 1.697349e-02
3.650000e-01 -5.700000e-01 -6.414322e-02 1.697349e-02 3.700000e-01 -5.650000e-01 -6.500695e-02 1.837718e-02
-5.400000e-01 -5.650000e-01 -2.370731e-02 -1.429266e-01 -5.400000e-01 -5.550000e-01 -1.750056e-02 -1.370428e-01
3.700000e-01 -5.650000e-01 -6.500695e-02 1.837718e-02 3.750000e-01 -5.600000e-01 -6.592536e-02 1.965648e-02
3.750000e-01 -5.600000e-01 -6.592536e-02 1.965648e-02 3.800000e-01 -5.550000e-01 -6.673267e-02 2.088381e-02
-5.400000e-01 -5.550000e-01 -1.750056e-02 -1.370428e-01 -5.400000e-01 -5.450000e-01 -1.130668e-02 -1.312513e-01
3.800000e-01 -5.550000e-01 -6.673267e-02 2.088381e-02 3.850000e-01 -5.500000e-01 -6.758906e-02 2.198429e-02
3.850000e-01 -5.500000e-01 -6.758906e-02 2.198429e-02 3.900000e-01 -5.450000e-01 -6.832938e-02 2.303864e-02
-5.400000e-01 -5.450000e-01 -1.130668e-02 -1.312513e-01 -5.400000e-01 -5.350000e-01 -5.118945e-03 -1.255999e-01
3.900000e-01 -5.450000e-01 -6.832938e-02 2.303864e-02 3.950000e-01 -5.400000e-01 -6.911294e-02 2.396425e-02
3.950000e-01 -5.400000e-01 -6.911294e-02 2.396425e-02 4.000000e-01 -5.350000e-01 -6.977580e-02 2.484962e-02
-5.400000e-01 -5.350000e-01 -5.118945e-03 -1.255999e-01 -5.400000e-01 -5.250000e-01 1.057885e-03 -1.200701e-01
4.000000e-01 -5.350000e-01 -6.977580e-02 2.484962e-02 4.050000e-01 -5.300000e-01 -7.047576e-02 2.560470e-02
4.050000e-01 -5.300000e-01 -7.047576e-02 2.560470e-02 4.100000e-01 -5.250000e-01 -7.105091e-02 2.632598e-02
-5.400000e-01 -5.250000e-01 1.057885e-03 -1.200701e-01 -5.400000e-01 -5.150000e-01 7.222793e-03 -1.146655e-01
4.100000e-01 -5.250000e-01 -7.105091e-02 2.632598e-02 4.150000e-01 -5.200000e-01 -7.165667e-02 2.691601e-02
4.150000e-01 -5.200000e-01 -7.165667e-02 2.691601e-02 4.250000e-01 -5.200000e-01 -6.625203e-02 2.055661e-02
4.250000e-01 -5.200000e-01 -6.625203e-02 2.055661e-02 4.300000e-01 -5.150000e-01 -6.660152e-02 2.109598e-02
-5.400000e-01 -5.150000e-01 7.222793e-03 -1.146655e-01 -5.400000e-01 -5.050000e-01 1.337459e-02 -1.093898e-01
4.300000e-01 -5.150000e-01 -6.660152e-02 2.109598e-02 4.350000e-01 -5.100000e-01 -6.697101e-02 2.150618e-02
4.350000e-01 -5.100000e-01 -6.697101e-02 2.150618e-02 4.400000e-01 -5.050000e-01 -6.720990e-02 2.189970e-02
-5.400000e-01 -5.050000e-01 1.337459e-02 -1.093898e-01 -5.400000e-01 -4.950000e-01 1.951190e-02 -1.042468e-01
4.400000e-01 -5.050000e-01 -6.720990e-02 2.189970e-02 4.450000e-01 -5.000000e-01 -6.746583e-02 2.218699e-02
4.450000e-01 -5.000000e-01 -6.746583e-02 2.218699e-02 4.500000e-01 -4.950000e-01 -6.758504e-02 2.244151e-02
-5.400000e-01 -4.950000e-01 1.951190e-02 -1.042468e-01 -5.400000e-01 -4.850000e-01 2.563318e-02 -9.924032e-02
4.500000e-01 -4.950000e-01 -6.758504e-02 2.244151e-02 4.550000e-01 -4.900000e-01 -6.771068e-02 2.256669e-02
4.550000e-01 -4.900000e-01 -6.771068e-02 2.256669e-02 4.600000e-01 -4.850000e-01 -6.770507e-02 2.271070e-02
-5.400000e-01 -4.850000e-01 2.563318e-02 -9.924032e-02 -5.400000e-01 -4.750000e-01 3.173669e-02 -9.437413e-02
4.600000e-01 -4.850000e-01 -6.770507e-02 2.271070e-02 4.600000e-01 -4.750000e-01 -7.415871e-02 2.915552e-02
-5.400000e-01 -4.750000e-01 3.173669e-02 -9.437413e-02 -5.400000e-01 -4.650000e-01 3.782364e-02 -8.967021e-02
4.600000e-01 -4.750000e-01 -7.415871e-02 2.915552e-02 4.650000e-01 -4.700000e-01 -7.414565e-02 2.902165e-02
4.650000e-01 -4.700000e-01 -7.414565e-02 2.902165e-02 4.700000e-01 -4.650000e-01 -7.399300e-02 2.889490e-02
-5.400000e-01 -4.650000e-01 3.782364e-02 -8.967021e-02 -5.400000e-01 -4.550000e-01 4.388561e-02 -8.509533e-02
4.700000e-01 -4.650000e-01 -7.399300e-02 2.889490e-02 4.750000e-01 -4.600000e-01 -7.382991e-02 2.864135e-02
4.750000e-01 -4.600000e-01 -7.382991e-02 2.864135e-02 4.800000e-01 -4.550000e-01 -7.352664e-02 2.840178e-02
-5.400000e-01 -4.550000e-01 4.388561e-02 -8.509533e-02 -5.400000e-01 -4.450000e-01 4.992338e-02 -8.067191e-02
4.800000e-01 -4.550000e-01 -7.352664e-02 2.840178e-02 4.850000e-01 -4.500000e-01 -7.320596e-02 2.803795e-02
4.850000e-01 -4.500000e-01 -7.320596e-02 2.803795e-02 4.900000e-01 -4.450000e-01 -7.274509e-02 2.769490e-02
-5.450000e-01 -4.400000e-01 4.884668e-02 -8.154303e-02 -5.500000e-01 -4.350000e-01 4.761477e-02 -8.233821e-02
-5.400000e-01 -4.450000e-01 4.992338e-02 -8.067191e-02 -5.450000e-01 -4.400000e-01 4.884668e-02 -8.154303e-02
4.900000e-01 -4.450000e-01 -7.274509e-02 2.769490e-02 4.950000e-01 -4.400000e-01 -7.226015e-02 2.723056e-02
4.950000e-01 -4.400000e-01 -7.226015e-02 2.723056e-02 5.000000e-01 -4.350000e-01 -7.163537e-02 2.679366e-02
-5.500000e-01 -4.350000e-01 4.761477e-02 -8.233821e-02 -5.500000e-01 -4.250000e-01 5.347199e-02 -7.819711e-02
5.000000e-01 -4.350000e-01 -7.163537e-02 2.679366e-02 5.000000e-01 -4.250000e-01 -7.799542e-02 3.204472e-02
-5.500000e-01 -4.250000e-01 5.347199e-02 -7.819711e-02 -5.500000e-01 -4.150000e-01 5.929585e-02 -7.421497e-02
5.000000e-01 -4.250000e-01 -7.799542e-02 3.204472e-02 5.050000e-01 -4.200000e-01 -7.730531e-02 3.137179e-02
5.050000e-01 -4.200000e-01 -7.730531e-02 3.137179e-02 5.100000e-01 -4.150000e-01 -7.647418e-02 3.073689e-02
-5.500000e-01 -4.150000e-01 5.929585e-02 -7.421497e-02 -5.500000e-01 -4.050000e-01 6.508286e-02 -7.039490e-02
5.100000e-01 -4.150000e-01 -7.647418e-02 3.073689e-02 5.150000e-01 -4.100000e-01 -7.560192e-02 2.998802e-02
5.150000e-01 -4.100000e-01 -7.560192e-02 2.998802e-02 5.200000e-01 -4.050000e-01 -7.459060e-02 2.928347e-02
-5.500000e-01 -4.050000e-01 6.508286e-02 -7.039490e-02 -5.500000e-01 -3.950000e-01 7.082964e-02 -6.673985e-02
5.200000e-01 -4.050000e-01 -7.459060e-02 2.928347e-02 5.250000e-01 -4.000000e-01 -7.353196e-02 2.846951e-02
5.250000e-01 -4.000000e-01 -7.353196e-02 2.846951e-02 5.300000e-01 -3.950000e-01 -7.233653e-02 2.770580e-02
-5.550000e-01 -3.900000e-01 6.919534e-02 -6.784727e-02 -5.600000e-01 -3.850000e-01 6.741780e-02 -6.886924e-02
-5.500000e-01 -3.950000e-01 7.082964e-02 -6.673985e-02 -5.550000e-01 -3.900000e-01 6.919534e-02 -6.784727e-02
5.300000e-01 -3.950000e-01 -7.233653e-02 2.770580e-02 5.300000e-01 -3.850000e-01 -7.844183e-02 3.206389e-02
-5.600000e-01 -3.850000e-01 6.741780e-02 -6.886924e-02 -5.600000e-01 -3.750000e-01 7.294709e-02 -6.550193e-02
5.300000e-01 -3.850000e-01 -7.844183e-02 3.206389e-02 5.350000e-01 -3.800000e-01 -7.713613e-02 3.109282e-02
5.350000e-01 -3.800000e-01 -7.713613e-02 3.109282e-02 5.400000e-01 -3.750000e-01 -7.569303e-02 3.016895e-02
-5.600000e-01 -3.750000e-01 7.294709e-02 -6.550193e-02 -5.600000e-01 -3.650000e-01 7.842332e-02 -6.230330e-02
5.400000e-01 -3.750000e-01 -7.569303e-02 3.016895e-02 5.400000e-01 -3.650000e-01 -8.167037e-02 3.412778e-02
-5.600000e-01 -3.650000e-01 7.842332e-02 -6.230330e-02 -5.600000e-01 -3.550000e-01 8.384186e-02 -5.927528e-02
5.400000e-01 -3.650000e-01 -8.167037e-02 3.412778e-02 5.450000e-01 -3.600000e-01 -8.009966e-02 3.302236e-02
5.450000e-01 -3.600000e-01 -8.009966e-02 3.302236e-02 5.500000e-01 -3.550000e-01 -7.839657e-02 3.198643e-02
-5.650000e-01 -3.500000e-01 8.170497e-02 -6.052533e-02 -5.700000e-01 -3.450000e-01 7.943588e-02 -6.168112e-02
-5.600000e-01 -3.550000e-01 8.384186e-02 -5.927528e-02 -5.650000e-01 -3.500000e-01 8.170497e-02 -6.052533e-02
5.500000e-01 -3.550000e-01 -7.839657e-02 3.198643e-02 5.500000e-01 -3.450000e-01 -8.421011e-02 3.554684e-02
-5.700000e-01 -3.450000e-01 7.943588e-02 -6.168112e-02 -5.700000e-01 -3.350000e-01 8.460092e-02 -5.892982e-02
5.500000e-01 -3.450000e-01 -8.421011e-02 3.554684e-02 5.550000e-01 -3.400000e-01 -8.235890e-02 3.433231e-02
5.550000e-01 -3.400000e-01 -8.235890e-02 3.433231e-02 5.600000e-01 -3.350000e-01 -8.037943e-02 3.319619e-02
-5.700000e-01 -3.350000e-01 8.460092e-02 -5.892982e-02 -5.700000e-01 -3.250000e-01 8.969348e-02 -5.634878e-02
5.600000e-01 -3.350000e-01 -8.037943e-02 3.319619e-02 5.650000e-01 -3.300000e-01 -7.831949e-02 3.197841e-02
5.650000e-01 -3.300000e-01 -7.831949e-02 3.197841e-02 5.700000e-01 -3.250000e-01 -7.613616e-02 3.084301e-02
-5.700000e-01 -3.250000e-01 8.969348e-02 -5.634878e-02 -5.700000e-01 -3.150000e-01 9.470826e-02 -5.393881e-02
5.700000e-01 -3.250000e-01 -7.613616e-02 3.084301e-02 5.700000e-01 -3.150000e-01 -8.158451e-02 3.386986e-02
-5.750000e-01 -3.100000e-01 9.204381e-02 -5.528515e-02 -5.800000e-01 -3.050000e-01 8.925919e-02 -5.652828e-02
-5.700000e-01 -3.150000e-01 9.470826e-02 -5.393881e-02 -5.750000e-01 -3.100000e-01 9.204381e-02 -5.528515e-02
5.700000e-01 -3.150000e-01 -8.158451e-02 3.386986e-02 5.700000e-01 -3.050000e-01 -8.697443e-02 3.669406e-02
-5.800000e-01 -3.050000e-01 8.925919e-02 -5.652828e-02 -5.800000e-01 -2.950000e-01 9.399848e-02 -5.436782e-02
5.700000e-01 -3.050000e-01 -8.697443e-02 3.669406e-02 5.750000e-01 -3.000000e-01 -8.452647e-02 3.534259e-02
5.750000e-01 -3.000000e-01 -8.452647e-02 3.534259e-02 5.800000e-01 -2.950000e-01 -8.196167e-02 3.408478e-02
-5.800000e-01 -2.950000e-01 9.399848e-02 -5.436782e-02 -5.800000e-01 -2.850000e-01 9.864335e-02 -5.237359e-02
5.800000e-01 -2.950000e-01 -8.196167e-02 3.408478e-02 5.800000e-01 -2.850000e-01 -8.709554e-02 3.657862e-02
-5.850000e-01 -2.800000e-01 9.553991e-02 -5.372503e-02 -5.900000e-01 -2.750000e-01 9.232775e-02 -5.496770e-02
-5.800000e-01 -2.850000e-01 9.864335e-02 -5.237359e-02 -5.850000e-01 -2.800000e-01 9.553991e-02 -5.372503e-02
5.800000e-01 -2.850000e-01 -8.709554e-02 3.657862e-02 5.850000e-01 -2.800000e-01 -8.433703e-02 3.520087e-02
5.850000e-01 -2.800000e-01 -8.433703e-02 3.520087e-02 5.900000e-01 -2.750000e-01 -8.146891e-02 3.392289e-02
-5.900000e-01 -2.750000e-01 9.232775e-02 -5.496770e-02 -5.900000e-01 -2.650000e-01 9.663704e-02 -5.319886e-02
5.900000e-01 -2.750000e-01 -8.146891e-02 3.392289e-02 5.900000e-01 -2.650000e-01 -8.632031e-02 3.611575e-02
-5.900000e-01 -2.650000e-01 9.663704e-02 -5.319886e-02 -5.900000e-01 -2.550000e-01 1.008365e-01 -5.158762e-02
5.900000e-01 -2.650000e-01 -8.632031e-02 3.611575e-02 5.950000e-01 -2.600000e-01 -8.324745e-02 3.474008e-02
5.950000e-01 -2.600000e-01 -8.324745e-02 3.474008e-02 6.000000e-01 -2.550000e-01 -8.007278e-02 3.346914e-02
-5.900000e-01 -2.550000e-01 1.008365e-01 -5.158762e-02 -5.900000e-01 -2.450000e-01 1.049204e-01 -5.013228e-02
6.000000e-01 -2.550000e-01 -8.007278e-02 3.346914e-02 6.000000e-01 -2.450000e-01 -8.461853e-02 3.539303e-02
-5.950000e-01 -2.400000e-01 1.012598e-01 -5.146255e-02 -6.000000e-01 -2.350000e-01 9.750524e-02 -5.267783e-02
-5.900000e-01 -2.450000e-01 1.049204e-01 -5.013228e-02 -5.950000e-01 -2.400000e-01 1.012598e-01 -5.146255e-02
6.000000e-01 -2.450000e-01 -8.461853e-02 3.539303e-02 6.000000e-01 -2.350000e-01 -8.905818e-02 3.714062e-02
-6.000000e-01 -2.350000e-01 9.750524e-02 -5.267783e-02 -6.000000e-01 -2.250000e-01 1.012359e-01 -5.139861e-02
6.000000e-01 -2.350000e-01 -8.905818e-02 3.714062e-02 6.050000e-01 -2.300000e-01 -8.555915e-02 3.576439e-02
6.050000e-01 -2.300000e-01 -8.555915e-02 3.576439e-02 6.100000e-01 -2.250000e-01 -8.196904e-02 3.449925e-02
-6.000000e-01 -2.250000e-01 1.012359e-01 -5.139861e-02 -6.000000e-01 -2.150000e-01 1.048358e-01 -5.026221e-02
6.100000e-01 -2.250000e-01 -8.196904e-02 3.449925e-02 6.100000e-01 -2.150000e-01 -8.607151e-02 3.602377e-02
-6.000000e-01 -2.150000e-01 1.048358e-01 -5.026221e-02 -6.000000e-01 -2.050000e-01 1.082994e-01 -4.926539e-02
6.100000e-01 -2.150000e-01 -8.607151e-02 3.602377e-02 6.100000e-01 -2.050000e-01 -9.004988e-02 3.738718e-02
-6.000000e-01 -2.050000e-01 1.082994e-01 -4.926539e-02 -6.000000e-01 -1.950000e-01 1.116212e-01 -4.840452e-02
6.100000e-01 -2.050000e-01 -9.004988e-02 3.738718e-02 6.100000e-01 -1.950000e-01 -9.389795e-02 3.859308e-02
-6.050000e-01 -1.900000e-01 1.072779e-01 -4.962705e-02 -6.100000e-01 -1.850000e-01 1.028600e-01 -5.072996e-02
-6.000000e-01 -1.950000e-01 1.116212e-01 -4.840452e-02 -6.050000e-01 -1.900000e-01 1.072779e-01 -4.962705e-02
-3.500000e-02 -1.900000e-01 6.638890e-02 4.842602e-01 -4.000000e-02 -1.850000e-01 9.238309e-02 4.752749e-01
-3.500000e-02 -1.900000e-01 6.638890e-02 4.842602e-01 -2.500000e-02 -1.900000e-01 2.915729e-02 4.948705e-01
-2.500000e-02 -1.900000e-01 2.915729e-02 4.948705e-01 -1.500000e-02 -1.900000e-01 -6.798548e-03 5.026346e-01
-1.500000e-02 -1.900000e-01 -6.798548e-03 5.026346e-01 -5.000000e-03 -1.900000e-01 -4.147093e-02 5.077623e-01
-5.000000e-03 -1.900000e-01 -4.147093e-02 5.077623e-01 5.000000e-03 -1.900000e-01 -7.484470e-02 5.104262e-01
5.000000e-03 -1.900000e-01 -7.484470e-02 5.104262e-01 1.500000e-02 -1.900000e-01 -1.068938e-01 5.108905e-01
1.500000e-02 -1.900000e-01 -1.068938e-01 5.108905e-01 2.000000e-02 -1.850000e-01 -1.229979e-01 5.103429e-01
6.100000e-01 -1.950000e-01 -9.389795e-02 3.859308e-02 6.150000e-01 -1.900000e-01 -8.985044e-02 3.726393e-02
6.150000e-01 -1.900000e-01 -8.985044e-02 3.726393e-02 6.200000e-01 -1.850000e-01 -8.572674e-02 3.605160e-02
-6.100000e-01 -1.850000e-01 1.028600e-01 -5.072996e-02 -6.100000e-01 -1.750000e-01 1.057942e-01 -4.997497e-02
-6.500000e-02 -1.800000e-01 2.030264e-01 4.252378e-01 -7.000000e-02 -1.750000e-01 2.318515e-01 4.093043e-01
-6.500000e-02 -1.800000e-01 2.030264e-01 4.252378e-01 -5.500000e-02 -1.800000e-01 1.627397e-01 4.456760e-01
-5.500000e-02 -1.800000e-01 1.627397e-01 4.456760e-01 -4.500000e-02 -1.800000e-01 1.209097e-01 4.642038e-01
-4.000000e-02 -1.850000e-01 9.238309e-02 4.752749e-01 -4.500000e-02 -1.800000e-01 1.209097e-01 4.642038e-01
2.000000e-02 -1.850000e-01 -1.229979e-01 5.103429e-01 2.500000e-02 -1.800000e-01 -1.400919e-01 5.092619e-01
2.500000e-02 -1.800000e-01 -1.400919e-01 5.092619e-01 3.500000e-02 -1.800000e-01 -1.711093e-01 5.057275e-01
3.500000e-02 -1.800000e-01 -1.711093e-01 5.057275e-01 4.500000e-02 -1.800000e-01 -2.003648e-01 5.003914e-01
4.500000e-02 -1.800000e-01 -2.003648e-01 5.003914e-01 5.000000e-02 -1.750000e-01 -2.175209e-01 4.963675e-01
6.200000e-01 -1.850000e-01 -8.572674e-02 3.605160e-02 6.200000e-01 -1.750000e-01 -8.920289e-02 3.709924e-02
-6.100000e-01 -1.750000e-01 1.057942e-01 -4.997497e-02 -6.100000e-01 -1.650000e-01 1.085740e-01 -4.933772e-02
-7.500000e-02 -1.700000e-01 2.604480e-01 3.926079e-01 -8.000000e-02 -1.650000e-01 2.861795e-01 3.765779e-01
-7.000000e-02 -1.750000e-01 2.318515e-01 4.093043e-01 -7.500000e-02 -1.700000e-01 2.604480e-01 3.926079e-01
5.000000e-02 -1.750000e-01 -2.175209e-01 4.963675e-01 5.500000e-02 -1.700000e-01 -2.356143e-01 4.914771e-01
5.500000e-02 -1.700000e-01 -2.356143e-01 4.914771e-01 6.500000e-02 -1.700000e-01 -2.624250e-01 4.828273e-01
6.500000e-02 -1.700000e-01 -2.624250e-01 4.828273e-01 7.000000e-02 -1.650000e-01 -2.796862e-01 4.761785e-01
6.200000e-01 -1.750000e-01 -8.920289e-02 3.709924e-02 6.200000e-01 -1.650000e-01 -9.253353e-02 3.800847e-02
-6.100000e-01 -1.650000e-01 1.085740e-01 -4.933772e-02 -6.100000e-01 -1.550000e-01 1.111945e-01 -4.881316e-02
-8.500000e-02 -1.600000e-01 3.111133e-01 3.603007e-01 -9.000000e-02 -1.550000e-01 3.334402e-01 3.447822e-01
-8.000000e-02 -1.650000e-01 2.861795e-01 3.765779e-01 -8.500000e-02 -1.600000e-01 3.111133e-01 3.603007e-01
7.000000e-02 -1.650000e-01 -2.796862e-01 4.761785e-01 7.500000e-02 -1.600000e-01 -2.977390e-01 4.684828e-01
7.500000e-02 -1.600000e-01 -2.977390e-01 4.684828e-01 8.500000e-02 -1.600000e-01 -3.210683e-01 4.571033e-01
8.500000e-02 -1.600000e-01 -3.210683e-01 4.571033e-01 9.000000e-02 -1.550000e-01 -3.376074e-01 4.480487e-01
6.200000e-01 -1.650000e-01 -9.253353e-02 3.800847e-02 6.200000e-01 -1.550000e-01 -9.571302e-02 3.878437e-02
-6.100000e-01 -1.550000e-01 1.111945e-01 -4.881316e-02 -6.100000e-01 -1.450000e-01 1.136509e-01 -4.839591e-02
-9.500000e-02 -1.500000e-01 3.551001e-01 3.289578e-01 -1.000000e-01 -1.450000e-01 3.746011e-01 3.137147e-01
-9.000000e-02 -1.550000e-01 3.334402e-01 3.447822e-01 -9.500000e-02 -1.500000e-01 3.551001e-01 3.289578e-01
9.000000e-02 -1.550000e-01 -3.376074e-01 4.480487e-01 9.500000e-02 -1.500000e-01 -3.546915e-01 4.378547e-01
9.500000e-02 -1.500000e-01 -3.546915e-01 4.378547e-01 1.000000e-01 -1.450000e-01 -3.707796e-01 4.271966e-01
6.200000e-01 -1.550000e-01 -9.571302e-02 3.878437e-02 6.250000e-01 -1.500000e-01 -9.111708e-02 3.759727e-02
6.250000e-01 -1.500000e-01 -9.111708e-02 3.759727e-02 6.300000e-01 -1.450000e-01 -8.646100e-02 3.652861e-02
-6.150000e-01 -1.400000e-01 1.086341e-01 -4.938175e-02 -6.200000e-01 -1.350000e-01 1.035633e-01 -5.024865e-02
-6.100000e-01 -1.450000e-01 1.136509e-01 -4.839591e-02 -6.150000e-01 -1.400000e-01 1.086341e-01 -4.938175e-02
-1.050000e-01 -1.400000e-01 3.935882e-01 2.980149e-01 -1.100000e-01 -1.350000e-01 4.107641e-01 2.824728e-01
-1.000000e-01 -1.450000e-01 3.746011e-01 3.137147e-01 -1.050000e-01 -1.400000e-01 3.935882e-01 2.980149e-01
1.000000e-01 -1.450000e-01 -3.707796e-01 4.271966e-01 1.050000e-01 -1.400000e-01 -3.872404e-01 4.153577e-01
1.050000e-01 -1.400000e-01 -3.872404e-01 4.153577e-01 1.100000e-01 -1.350000e-01 -4.025484e-01 4.032422e-01
6.300000e-01 -1.450000e-01 -8.646100e-02 3.652861e-02 6.300000e-01 -1.350000e-01 -8.924633e-02 3.721679e-02
-6.200000e-01 -1.350000e-01 1.035633e-01 -5.024865e-02 -6.200000e-01 -1.250000e-01 1.056134e-01 -4.985568e-02
-1.150000e-01 -1.300000e-01 4.274315e-01 2.666853e-01 -1.200000e-01 -1.250000e-01 4.423627e-01 2.516696e-01
-1.100000e-01 -1.350000e-01 4.107641e-01 2.824728e-01 -1.150000e-01 -1.300000e-01 4.274315e-01 2.666853e-01
1.100000e-01 -1.350000e-01 -4.025484e-01 4.032422e-01 1.150000e-01 -1.300000e-01 -4.180277e-01 3.899456e-01
1.150000e-01 -1.300000e-01 -4.180277e-01 3.899456e-01 1.200000e-01 -1.250000e-01 -4.322434e-01 3.765829e-01
6.300000e-01 -1.350000e-01 -8.924633e-02 3.721679e-02 6.300000e-01 -1.250000e-01 -9.186887e-02 3.779367e-02
-6.200000e-01 -1.250000e-01 1.056134e-01 -4.985568e-02 -6.200000e-01 -1.150000e-01 1.074909e-01 -4.954793e-02
-1.250000e-01 -1.200000e-01 4.569261e-01 2.354304e-01 -1.300000e-01 -1.150000e-01 4.698831e-01 2.199999e-01
-1.200000e-01 -1.250000e-01 4.423627e-01 2.516696e-01 -1.250000e-01 -1.200000e-01 4.569261e-01 2.354304e-01
1.200000e-01 -1.250000e-01 -4.322434e-01 3.765829e-01 1.250000e-01 -1.200000e-01 -4.464225e-01 3.621230e-01
1.250000e-01 -1.200000e-01 -4.464225e-01 3.621230e-01 1.300000e-01 -1.150000e-01 -4.592820e-01 3.478043e-01
6.300000e-01 -1.250000e-01 -9.186887e-02 3.779367e-02 6.300000e-01 -1.150000e-01 -9.434199e-02 3.826244e-02
-6.200000e-01 -1.150000e-01 1.074909e-01 -4.954793e-02 -6.200000e-01 -1.050000e-01 1.091923e-01 -4.931892e-02
-1.300000e-01 -1.150000e-01 4.698831e-01 2.199999e-01 -1.300000e-01 -1.050000e-01 4.837272e-01 2.021920e-01
1.300000e-01 -1.150000e-01 -4.592820e-01 3.478043e-01 1.350000e-01 -1.100000e-01 -4.718986e-01 3.324922e-01
1.350000e-01 -1.100000e-01 -4.718986e-01 3.324922e-01 1.400000e-01 -1.050000e-01 -4.831971e-01 3.175161e-01
6.300000e-01 -1.150000e-01 -9.434199e-02 3.826244e-02 6.300000e-01 -1.050000e-01 -9.662532e-02 3.863560e-02
-6.200000e-01 -1.050000e-01 1.091923e-01 -4.931892e-02 -6.200000e-01 -9.500000e-02 1.107140e-01 -4.916190e-02
-1.350000e-01 -1.000000e-01 4.955515e-01 1.856226e-01 -1.400000e-01 -9.500000e-02 5.059273e-01 1.696945e-01
-1.300000e-01 -1.050000e-01 4.837272e-01 2.021920e-01 -1.350000e-01 -1.000000e-01 4.955515e-01 1.856226e-01
1.400000e-01 -1.050000e-01 -4.831971e-01 3.175161e-01 1.400000e-01 -9.500000e-02 -4.959838e-01 2.986637e-01
6.300000e-01 -1.050000e-01 -9.662532e-02 3.863560e-02 6.300000e-01 -9.500000e-02 -9.874975e-02 3.891398e-02
-6.200000e-01 -9.500000e-02 1.107140e-01 -4.916190e-02 -6.200000e-01 -8.500000e-02 1.120530e-01 -4.906985e-02
-1.400000e-01 -9.500000e-02 5.059273e-01 1.696945e-01 -1.400000e-01 -8.500000e-02 5.179968e-01 1.486932e-01
1.400000e-01 -9.500000e-02 -4.959838e-01 2.986637e-01 1.450000e-01 -9.000000e-02 -5.063142e-01 2.820829e-01
1.450000e-01 -9.000000e-02 -5.063142e-01 2.820829e-01 1.500000e-01 -8.500000e-02 -5.152999e-01 2.657959e-01
6.300000e-01 -9.500000e-02 -9.874975e-02 3.891398e-02 6.350000e-01 -9.000000e-02 -9.338879e-02 3.804826e-02
6.350000e-01 -9.000000e-02 -9.338879e-02 3.804826e-02 6.400000e-01 -8.500000e-02 -8.799093e-02 3.729729e-02
-6.200000e-01 -8.500000e-02 1.120530e-01 -4.906985e-02 -6.200000e-01 -7.500000e-02 1.132065e-01 -4.903549e-02
-1.450000e-01 -8.000000e-02 5.268844e-01 1.321642e-01 -1.500000e-01 -7.500000e-02 5.345140e-01 1.161841e-01
-1.400000e-01 -8.500000e-02 5.179968e-01 1.486932e-01 -1.450000e-01 -8.000000e-02 5.268844e-01 1.321642e-01
1.500000e-01 -8.500000e-02 -5.152999e-01 2.657959e-01 1.550000e-01 -8.000000e-02 -5.236114e-01 2.489597e-01
1.550000e-01 -8.000000e-02 -5.236114e-01 2.489597e-01 1.600000e-01 -7.500000e-02 -5.308579e-01 2.334827e-01
6.400000e-01 -8.500000e-02 -8.799093e-02 3.729729e-02 6.400000e-01 -7.500000e-02 -8.969007e-02 3.759796e-02
-6.250000e-01 -7.000000e-02 1.073288e-01 -4.952587e-02 -6.300000e-01 -6.500000e-02 1.014241e-01 -4.990648e-02
-6.200000e-01 -7.500000e-02 1.132065e-01 -4.903549e-02 -6.250000e-01 -7.000000e-02 1.073288e-01 -4.952587e-02
-1.500000e-01 -7.500000e-02 5.345140e-01 1.161841e-01 -1.500000e-01 -6.500000e-02 5.440699e-01 9.331271e-02
1.600000e-01 -7.500000e-02 -5.308579e-01 2.334827e-01 1.600000e-01 -6.500000e-02 -5.401750e-01 2.105097e-01
6.400000e-01 -7.500000e-02 -8.969007e-02 3.759796e-02 6.400000e-01 -6.500000e-02 -9.120826e-02 3.783127e-02
-6.300000e-01 -6.500000e-02 1.014241e-01 -4.990648e-02 -6.300000e-01 -5.500000e-02 1.021715e-01 -4.977621e-02
-1.500000e-01 -6.500000e-02 5.440699e-01 9.331271e-02 -1.500000e-01 -5.500000e-02 5.525108e-01 6.910182e-02
1.600000e-01 -6.500000e-02 -5.401750e-01 2.105097e-01 1.600000e-01 -5.500000e-02 -5.482915e-01 1.859300e-01
6.400000e-01 -6.500000e-02 -9.120826e-02 3.783127e-02 6.400000e-01 -5.500000e-02 -9.254275e-02 3.800455e-02
-6.300000e-01 -5.500000e-02 1.021715e-01 -4.977621e-02 -6.300000e-01 -4.500000e-02 1.027323e-01 -4.967891e-02
-1.550000e-01 -5.000000e-02 5.574869e-01 5.280834e-02 -1.600000e-01 -4.500000e-02 5.614272e-01 3.745307e-02
-1.500000e-01 -5.500000e-02 5.525108e-01 6.910182e-02 -1.550000e-01 -5.000000e-02 5.574869e-01 5.280834e-02
1.600000e-01 -5.500000e-02 -5.482915e-01 1.859300e-01 1.650000e-01 -5.000000e-02 -5.530451e-01 1.698243e-01
1.650000e-01 -5.000000e-02 -5.530451e-01 1.698243e-01 1.700000e-01 -4.500000e-02 -5.568053e-01 1.543213e-01
6.400000e-01 -5.500000e-02 -9.254275e-02 3.800455e-02 6.400000e-01 -4.500000e-02 -9.369122e-02 3.812523e-02
-6.300000e-01 -4.500000e-02 1.027323e-01 -4.967891e-02 -6.300000e-01 -3.500000e-02 1.031048e-01 -4.960688e-02
-1.600000e-01 -4.500000e-02 5.614272e-01 3.745307e-02 -1.600000e-01 -3.500000e-02 5.666859e-01 1.240034e-02
1.700000e-01 -4.500000e-02 -5.568053e-01 1.543213e-01 1.700000e-01 -3.500000e-02 -5.617139e-01 1.285091e-01
6.400000e-01 -4.500000e-02 -9.369122e-02 3.812523e-02 6.400000e-01 -3.500000e-02 -9.465151e-02 3.820091e-02
-6.300000e-01 -3.500000e-02 1.031048e-01 -4.960688e-02 -6.300000e-01 -2.500000e-02 1.032881e-01 -4.955232e-02
-1.600000e-01 -3.500000e-02 5.666859e-01 1.240034e-02 -1.600000e-01 -2.500000e-02 5.704809e-01 -1.340251e-02
1.700000e-01 -3.500000e-02 -5.617139e-01 1.285091e-01 1.700000e-01 -2.500000e-02 -5.650191e-01 1.017107e-01
6.400000e-01 -3.500000e-02 -9.465151e-02 3.820091e-02 6.400000e-01 -2.500000e-02 -9.542190e-02 3.823929e-02
-6.300000e-01 -2.500000e-02 1.032881e-01 -4.955232e-02 -6.300000e-01 -1.500000e-02 1.032814e-01 -4.950731e-02
-1.600000e-01 -2.500000e-02 5.704809e-01 -1.340251e-02 -1.600000e-01 -1.500000e-02 5.727186e-01 -3.973956e-02
1.700000e-01 -2.500000e-02 -5.650191e-01 1.017107e-01 1.700000e-01 -1.500000e-02 -5.666044e-01 7.413058e-02
6.400000e-01 -2.500000e-02 -9.542190e-02 3.823929e-02 6.400000e-01 -1.500000e-02 -9.600107e-02 3.824814e-02
-6.300000e-01 -1.500000e-02 1.032814e-01 -4.950731e-02 -6.300000e-01 -5.000000e-03 1.030843e-01 -4.946388e-02
-1.600000e-01 -1.500000e-02 5.727186e-01 -3.973956e-02 -1.600000e-01 -5.000000e-03 5.733345e-01 -6.636850e-02
1.700000e-01 -1.500000e-02 -5.666044e-01 7.413058e-02 1.750000e-01 -1.000000e-02 -5.668731e-01 6.017417e-02
1.750000e-01 -1.000000e-02 -5.668731e-01 6.017417e-02 1.800000e-01 -5.000000e-03 -5.665408e-01 4.701154e-02
6.400000e-01 -1.500000e-02 -9.600107e-02 3.824814e-02 6.400000e-01 -5.000000e-03 -9.638785e-02 3.823529e-02
-6.300000e-01 -5.000000e-03 1.030843e-01 -4.946388e-02 -6.300000e-01 5.000000e-03 1.026968e-01 -4.941400e-02
-1.600000e-01 -5.000000e-03 5.733345e-01 -6.636850e-02 -1.600000e-01 5.000000e-03 5.722989e-01 -9.302921e-02
1.800000e-01 -5.000000e-03 -5.665408e-01 4.701154e-02 1.800000e-01 5.000000e-03 -5.647850e-01 2.035262e-02
6.400000e-01 -5.000000e-03 -9.638785e-02 3.823529e-02 6.400000e-01 5.000000e-03 -9.658162e-02 3.820863e-02
-6.300000e-01 5.000000e-03 1.026968e-01 -4.941400e-02 -6.300000e-01 1.500000e-02 1.021191e-01 -4.934962e-02
-1.600000e-01 5.000000e-03 5.722989e-01 -9.302921e-02 -1.600000e-01 1.500000e-02 5.696196e-01 -1.194543e-01
1.800000e-01 5.000000e-03 -5.647850e-01 2.035262e-02 1.800000e-01 1.500000e-02 -5.612976e-01 -6.384645e-03
6.400000e-01 5.000000e-03 -9.658162e-02 3.820863e-02 6.400000e-01 1.500000e-02 -9.658204e-02 3.817601e-02
-6.300000e-01 1.500000e-02 1.021191e-01 -4.934962e-02 -6.300000e-01 2.500000e-02 1.013520e-01 -4.926272e-02
-1.600000e-01 1.500000e-02 5.696196e-01 -1.194543e-01 -1.550000e-01 2.000000e-02 5.673647e-01 -1.343381e-01
-1.550000e-01 2.000000e-02 5.673647e-01 -1.343381e-01 -1.500000e-01 2.500000e-02 5.643196e-01 -1.503946e-01
1.800000e-01 1.500000e-02 -5.612976e-01 -6.384645e-03 1.800000e-01 2.500000e-02 -5.560811e-01 -3.299992e-02
6.400000e-01 1.500000e-02 -9.658204e-02 3.817601e-02 6.400000e-01 2.500000e-02 -9.638910e-02 3.814529e-02
-6.300000e-01 2.500000e-02 1.013520e-01 -4.926272e-02 -6.300000e-01 3.500000e-02 1.003965e-01 -4.914531e-02
-1.500000e-01 2.500000e-02 5.643196e-01 -1.503946e-01 -1.500000e-01 3.500000e-02 5.581081e-01 -1.770574e-01
1.750000e-01 3.000000e-02 -5.520069e-01 -4.960518e-02 1.700000e-01 3.500000e-02 -5.466440e-01 -6.750708e-02
1.800000e-01 2.500000e-02 -5.560811e-01 -3.299992e-02 1.750000e-01 3.000000e-02 -5.520069e-01 -4.960518e-02
6.400000e-01 2.500000e-02 -9.638910e-02 3.814529e-02 6.400000e-01 3.500000e-02 -9.600316e-02 3.812427e-02
-6.300000e-01 3.500000e-02 1.003965e-01 -4.914531e-02 -6.300000e-01 4.500000e-02 9.925401e-02 -4.898946e-02
-1.500000e-01 3.500000e-02 5.581081e-01 -1.770574e-01 -1.500000e-01 4.500000e-02 5.504015e-01 -2.026144e-01
1.700000e-01 3.500000e-02 -5.466440e-01 -6.750708e-02 1.700000e-01 4.500000e-02 -5.370782e-01 -9.503196e-02
6.400000e-01 3.500000e-02 -9.600316e-02 3.812427e-02 6.400000e-01 4.500000e-02 -9.542488e-02 3.812069e-02
-6.300000e-01 4.500000e-02 9.925401e-02 -4.898946e-02 -6.300000e-01 5.500000e-02 9.792637e-02 -4.878732e-02
-1.500000e-01 4.500000e-02 5.504015e-01 -2.026144e-01 -1.450000e-01 5.000000e-02 5.444558e-01 -2.195192e-01
-1.450000e-01 5.000000e-02 5.444558e-01 -2.195192e-01 -1.400000e-01 5.500000e-02 5.373009e-01 -2.371051e-01
1.700000e-01 4.500000e-02 -5.370782e-01 -9.503196e-02 1.700000e-01 5.500000e-02 -5.257775e-01 -1.218516e-01
6.400000e-01 4.500000e-02 -9.542488e-02 3.812069e-02 6.400000e-01 5.500000e-02 -9.465532e-02 3.814219e-02
-6.300000e-01 5.500000e-02 9.792637e-02 -4.878732e-02 -6.300000e-01 6.500000e-02 9.641563e-02 -4.853116e-02
-1.400000e-01 5.500000e-02 5.373009e-01 -2.371051e-01 -1.400000e-01 6.500000e-02 5.264469e-01 -2.609362e-01
1.700000e-01 5.500000e-02 -5.257775e-01 -1.218516e-01 1.700000e-01 6.500000e-02 -5.128334e-01 -1.478286e-01
6.400000e-01 5.500000e-02 -9.465532e-02 3.814219e-02 6.400000e-01 6.500000e-02 -9.369586e-02 3.819626e-02
-6.300000e-01 6.500000e-02 9.641563e-02 -4.853116e-02 -6.250000e-01 7.000000e-02 1.018953e-01 -4.921802e-02
-6.250000e-01 7.000000e-02 1.018953e-01 -4.921802e-02 -6.200000e-01 7.500000e-02 1.073405e-01 -5.001863e-02
-1.400000e-01 6.500000e-02 5.264469e-01 -2.609362e-01 -1.350000e-01 7.000000e-02 5.175301e-01 -2.778422e-01
-1.350000e-01 7.000000e-02 5.175301e-01 -2.778422e-01 -1.300000e-01 7.500000e-02 5.072430e-01 -2.955255e-01
1.650000e-01 7.000000e-02 -5.016857e-01 -1.675668e-01 1.600000e-01 7.500000e-02 -4.882918e-01 -1.888621e-01
1.700000e-01 6.500000e-02 -5.128334e-01 -1.478286e-01 1.650000e-01 7.000000e-02 -5.016857e-01 -1.675668e-01
6.400000e-01 6.500000e-02 -9.369586e-02 3.819626e-02 6.400000e-01 7.500000e-02 -9.254812e-02 3.829029e-02
-6.200000e-01 7.500000e-02 1.073405e-01 -5.001863e-02 -6.200000e-01 8.500000e-02 1.054205e-01 -4.981079e-02
-1.300000e-01 7.500000e-02 5.072430e-01 -2.955255e-01 -1.300000e-01 8.500000e-02 4.939970e-01 -3.162736e-01
1.600000e-01 7.500000e-02 -4.882918e-01 -1.888621e-01 1.600000e-01 8.500000e-02 -4.707290e-01 -2.142156e-01
6.400000e-01 7.500000e-02 -9.254812e-02 3.829029e-02 6.400000e-01 8.500000e-02 -9.121428e-02 3.843146e-02
-6.200000e-01 8.500000e-02 1.054205e-01 -4.981079e-02 -6.200000e-01 9.500000e-02 1.033208e-01 -4.952338e-02
-1.300000e-01 8.500000e-02 4.939970e-01 -3.162736e-01 -1.250000e-01 9.000000e-02 4.824346e-01 -3.324538e-01
-1.250000e-01 9.000000e-02 4.824346e-01 -3.324538e-01 -1.200000e-01 9.500000e-02 4.694265e-01 -3.491043e-01
1.550000e-01 9.000000e-02 -4.542011e-01 -2.356485e-01 1.500000e-01 9.500000e-02 -4.349329e-01 -2.585109e-01
1.600000e-01 8.500000e-02 -4.707290e-01 -2.142156e-01 1.550000e-01 9.000000e-02 -4.542011e-01 -2.356485e-01
6.400000e-01 8.500000e-02 -9.121428e-02 3.843146e-02 6.400000e-01 9.500000e-02 -8.969639e-02 3.862680e-02
-6.200000e-01 9.500000e-02 1.033208e-01 -4.952338e-02 -6.200000e-01 1.050000e-01 1.010450e-01 -4.914910e-02
-1.200000e-01 9.500000e-02 4.694265e-01 -3.491043e-01 -1.150000e-01 1.000000e-01 4.560548e-01 -3.647300e-01
-1.150000e-01 1.000000e-01 4.560548e-01 -3.647300e-01 -1.100000e-01 1.050000e-01 4.412213e-01 -3.806057e-01
1.500000e-01 9.500000e-02 -4.349329e-01 -2.585109e-01 1.500000e-01 1.050000e-01 -4.135288e-01 -2.818685e-01
6.400000e-01 9.500000e-02 -8.969639e-02 3.862680e-02 6.400000e-01 1.050000e-01 -8.799730e-02 3.888309e-02
-6.200000e-01 1.050000e-01 1.010450e-01 -4.914910e-02 -6.200000e-01 1.150000e-01 9.859682e-02 -4.868088e-02
-1.100000e-01 1.050000e-01 4.412213e-01 -3.806057e-01 -1.050000e-01 1.100000e-01 4.262688e-01 -3.952897e-01
-1.050000e-01 1.100000e-01 4.262688e-01 -3.952897e-01 -1.000000e-01 1.150000e-01 4.099147e-01 -4.099565e-01
1.350000e-01 1.100000e-01 -3.686944e-01 -3.258250e-01 1.300000e-01 1.150000e-01 -3.447430e-01 -3.469391e-01
1.350000e-01 1.100000e-01 -3.686944e-01 -3.258250e-01 1.450000e-01 1.100000e-01 -3.923031e-01 -3.034427e-01
1.500000e-01 1.050000e-01 -4.135288e-01 -2.818685e-01 1.450000e-01 1.100000e-01 -3.923031e-01 -3.034427e-01
6.400000e-01 1.050000e-01 -8.799730e-02 3.888309e-02 6.400000e-01 1.150000e-01 -8.611952e-02 3.920693e-02
-6.200000e-01 1.150000e-01 9.859682e-02 -4.868088e-02 -6.200000e-01 1.250000e-01 9.594369e-02 -4.811810e-02
-1.000000e-01 1.150000e-01 4.099147e-01 -4.099565e-01 -9.500000e-02 1.200000e-01 3.937022e-01 -4.233270e-01
-9.500000e-02 1.200000e-01 3.937022e-01 -4.233270e-01 -9.000000e-02 1.250000e-01 3.762317e-01 -4.364264e-01
1.250000e-01 1.200000e-01 -3.215435e-01 -3.664824e-01 1.200000e-01 1.250000e-01 -2.982242e-01 -3.853133e-01
1.300000e-01 1.150000e-01 -3.447430e-01 -3.469391e-01 1.250000e-01 1.200000e-01 -3.215435e-01 -3.664824e-01
6.400000e-01 1.150000e-01 -8.611952e-02 3.920693e-02 6.400000e-01 1.250000e-01 -8.406650e-02 3.960463e-02
-6.200000e-01 1.250000e-01 9.594369e-02 -4.811810e-02 -6.200000e-01 1.350000e-01 9.316302e-02 -4.744198e-02
-9.000000e-02 1.250000e-01 3.762317e-01 -4.364264e-01 -8.500000e-02 1.300000e-01 3.591514e-01 -4.482021e-01
-8.500000e-02 1.300000e-01 3.591514e-01 -4.482021e-01 -8.000000e-02 1.350000e-01 3.410224e-01 -4.594750e-01
1.150000e-01 1.300000e-01 -2.761140e-01 -4.016345e-01 1.100000e-01 1.350000e-01 -2.540837e-01 -4.171688e-01
1.200000e-01 1.250000e-01 -2.982242e-01 -3.853133e-01 1.150000e-01 1.300000e-01 -2.761140e-01 -4.016345e-01
6.400000e-01 1.250000e-01 -8.406650e-02 3.960463e-02 6.400000e-01 1.350000e-01 -8.184128e-02 4.008226e-02
-6.200000e-01 1.350000e-01 9.316302e-02 -4.744198e-02 -6.200000e-01 1.450000e-01 9.022326e-02 -4.665236e-02
-8.000000e-02 1.350000e-01 3.410224e-01 -4.594750e-01 -7.500000e-02 1.400000e-01 3.234942e-01 -4.694666e-01
-7.500000e-02 1.400000e-01 3.234942e-01 -4.694666e-01 -6.500000e-02 1.400000e-01 2.991692e-01 -4.817653e-01
-6.500000e-02 1.400000e-01 2.991692e-01 -4.817653e-01 -6.000000e-02 1.450000e-01 2.802037e-01 -4.902394e-01
9.500000e-02 1.400000e-01 -2.072827e-01 -4.473083e-01 9.000000e-02 1.450000e-01 -1.864192e-01 -4.590779e-01
9.500000e-02 1.400000e-01 -2.072827e-01 -4.473083e-01 1.050000e-01 1.400000e-01 -2.330752e-01 -4.313336e-01
1.100000e-01 1.350000e-01 -2.540837e-01 -4.171688e-01 1.050000e-01 1.400000e-01 -2.330752e-01 -4.313336e-01
6.350000e-01 1.400000e-01 -8.682596e-02 3.916733e-02 6.300000e-01 1.450000e-01 -9.175288e-02 3.812997e-02
6.400000e-01 1.350000e-01 -8.184128e-02 4.008226e-02 6.350000e-01 1.400000e-01 -8.682596e-02 3.916733e-02
-6.200000e-01 1.450000e-01 9.022326e-02 -4.665236e-02 -6.150000e-01 1.500000e-01 9.472788e-02 -4.774453e-02
-6.150000e-01 1.500000e-01 9.472788e-02 -4.774453e-02 -6.100000e-01 1.550000e-01 9.916772e-02 -4.895520e-02
-6.000000e-02 1.450000e-01 2.802037e-01 -4.902394e-01 -5.500000e-02 1.500000e-01 2.621182e-01 -4.975444e-01
-5.500000e-02 1.500000e-01 2.621182e-01 -4.975444e-01 -4.500000e-02 1.500000e-01 2.347366e-01 -5.070542e-01
-4.500000e-02 1.500000e-01 2.347366e-01 -5.070542e-01 -3.500000e-02 1.500000e-01 2.056407e-01 -5.151414e-01
-3.500000e-02 1.500000e-01 2.056407e-01 -5.151414e-01 -3.000000e-02 1.550000e-01 1.871378e-01 -5.194595e-01
6.500000e-02 1.500000e-01 -1.116240e-01 -4.938146e-01 6.000000e-02 1.550000e-01 -9.189210e-02 -5.010262e-01
6.500000e-02 1.500000e-01 -1.116240e-01 -4.938146e-01 7.500000e-02 1.500000e-01 -1.396966e-01 -4.822238e-01
7.500000e-02 1.500000e-01 -1.396966e-01 -4.822238e-01 8.500000e-02 1.500000e-01 -1.665755e-01 -4.694148e-01
9.000000e-02 1.450000e-01 -1.864192e-01 -4.590779e-01 8.500000e-02 1.500000e-01 -1.665755e-01 -4.694148e-01
6.300000e-01 1.450000e-01 -9.175288e-02 3.812997e-02 6.300000e-01 1.550000e-01 -8.911407e-02 3.861959e-02
-6.100000e-01 1.550000e-01 9.916772e-02 -4.895520e-02 -6.100000e-01 1.650000e-01 9.583761e-02 -4.806944e-02
-3.000000e-02 1.550000e-01 1.871378e-01 -5.194595e-01 -2.500000e-02 1.600000e-01 1.696804e-01 -5.229005e-01
-2.500000e-02 1.600000e-01 1.696804e-01 -5.229005e-01 -1.500000e-02 1.600000e-01 1.397509e-01 -5.272528e-01
-1.500000e-02 1.600000e-01 1.397509e-01 -5.272528e-01 -5.000000e-03 1.600000e-01 1.090906e-01 -5.298175e-01
-5.000000e-03 1.600000e-01 1.090906e-01 -5.298175e-01 5.000000e-03 1.600000e-01 7.801646e-02 -5.305289e-01
5.000000e-03 1.600000e-01 7.801646e-02 -5.305289e-01 1.500000e-02 1.600000e-01 4.685209e-02 -5.293951e-01
1.500000e-02 1.600000e-01 4.685209e-02 -5.293951e-01 2.500000e-02 1.600000e-01 1.589569e-02 -5.264077e-01
2.500000e-02 1.600000e-01 1.589569e-02 -5.264077e-01 3.500000e-02 1.600000e-01 -1.458583e-02 -5.216134e-01
3.500000e-02 1.600000e-01 -1.458583e-02 -5.216134e-01 4.500000e-02 1.600000e-01 -4.435290e-02 -5.151367e-01
4.500000e-02 1.600000e-01 -4.435290e-02 -5.151367e-01 5.500000e-02 1.600000e-01 -7.323106e-02 -5.070969e-01
6.000000e-02 1.550000e-01 -9.189210e-02 -5.010262e-01 5.500000e-02 1.600000e-01 -7.323106e-02 -5.070969e-01
6.300000e-01 1.550000e-01 -8.911407e-02 3.861959e-02 6.300000e-01 1.650000e-01 -8.631026e-02 3.920978e-02
-6.100000e-01 1.650000e-01 9.583761e-02 -4.806944e-02 -6.100000e-01 1.750000e-01 9.236045e-02 -4.704798e-02
6.300000e-01 1.650000e-01 -8.631026e-02 3.920978e-02 6.300000e-01 1.750000e-01 -8.334565e-02 3.990560e-02
-6.100000e-01 1.750000e-01 9.236045e-02 -4.704798e-02 -6.100000e-01 1.850000e-01 8.874191e-02 -4.588583e-02
6.300000e-01 1.750000e-01 -8.334565e-02 3.990560e-02 6.300000e-01 1.850000e-01 -8.022475e-02 4.071179e-02
-6.100000e-01 1.850000e-01 8.874191e-02 -4.588583e-02 -6.050000e-01 1.900000e-01 9.271069e-02 -4.710877e-02
-6.050000e-01 1.900000e-01 9.271069e-02 -4.710877e-02 -6.000000e-01 1.950000e-01 9.659853e-02 -4.844790e-02
6.300000e-01 1.850000e-01 -8.022475e-02 4.071179e-02 6.300000e-01 1.950000e-01 -7.695210e-02 4.163275e-02
-6.000000e-01 1.950000e-01 9.659853e-02 -4.844790e-02 -6.000000e-01 2.050000e-01 9.261384e-02 -4.711841e-02
6.300000e-01 1.950000e-01 -7.695210e-02 4.163275e-02 6.300000e-01 2.050000e-01 -7.353222e-02 4.267253e-02
-6.000000e-01 2.050000e-01 9.261384e-02 -4.711841e-02 -6.000000e-01 2.150000e-01 8.850338e-02 -4.562915e-02
6.300000e-01 2.050000e-01 -7.353222e-02 4.267253e-02 6.300000e-01 2.150000e-01 -6.997001e-02 4.383486e-02
-6.000000e-01 2.150000e-01 8.850338e-02 -4.562915e-02 -5.950000e-01 2.200000e-01 9.204772e-02 -4.691729e-02
-5.950000e-01 2.200000e-01 9.204772e-02 -4.691729e-02 -5.900000e-01 2.250000e-01 9.549883e-02 -4.831775e-02
6.250000e-01 2.200000e-01 -7.390904e-02 4.262933e-02 6.200000e-01 2.250000e-01 -7.775653e-02 4.130111e-02
6.300000e-01 2.150000e-01 -6.997001e-02 4.383486e-02 6.250000e-01 2.200000e-01 -7.390904e-02 4.262933e-02
-5.900000e-01 2.250000e-01 9.549883e-02 -4.831775e-02 -5.900000e-01 2.350000e-01 9.104696e-02 -4.660885e-02
6.200000e-01 2.250000e-01 -7.775653e-02 4.130111e-02 6.200000e-01 2.350000e-01 -7.381243e-02 4.258661e-02
-5.900000e-01 2.350000e-01 9.104696e-02 -4.660885e-02 -5.900000e-01 2.450000e-01 8.648757e-02 -4.472399e-02
6.200000e-01 2.350000e-01 -7.381243e-02 4.258661e-02 6.200000e-01 2.450000e-01 -6.973780e-02 4.400876e-02
-5.900000e-01 2.450000e-01 8.648757e-02 -4.472399e-02 -5.850000e-01 2.500000e-01 8.961050e-02 -4.602215e-02
-5.850000e-01 2.500000e-01 8.961050e-02 -4.602215e-02 -5.800000e-01 2.550000e-01 9.262912e-02 -4.742628e-02
6.200000e-01 2.450000e-01 -6.973780e-02 4.400876e-02 6.200000e-01 2.550000e-01 -6.553770e-02 4.556987e-02
-5.800000e-01 2.550000e-01 9.262912e-02 -4.742628e-02 -5.800000e-01 2.650000e-01 8.776001e-02 -4.527386e-02
6.200000e-01 2.550000e-01 -6.553770e-02 4.556987e-02 6.200000e-01 2.650000e-01 -6.120265e-02 4.727444e-02
-5.800000e-01 2.650000e-01 8.776001e-02 -4.527386e-02 -5.800000e-01 2.750000e-01 8.280311e-02 -4.293278e-02
6.200000e-01 2.650000e-01 -6.120265e-02 4.727444e-02 6.200000e-01 2.750000e-01 -5.675161e-02 4.912179e-02
-5.800000e-01 2.750000e-01 8.280311e-02 -4.293278e-02 -5.750000e-01 2.800000e-01 8.551602e-02 -4.418591e-02
-5.750000e-01 2.800000e-01 8.551602e-02 -4.418591e-02 -5.700000e-01 2.850000e-01 8.811521e-02 -4.553643e-02
6.200000e-01 2.750000e-01 -5.675161e-02 4.912179e-02 6.200000e-01 2.850000e-01 -5.220491e-02 5.111073e-02
-5.700000e-01 2.850000e-01 8.811521e-02 -4.553643e-02 -5.700000e-01 2.950000e-01 8.288615e-02 -4.288568e-02
6.150000e-01 2.900000e-01 -5.521376e-02 4.985190e-02 6.100000e-01 2.950000e-01 -5.810262e-02 4.847710e-02
6.200000e-01 2.850000e-01 -5.220491e-02 5.111073e-02 6.150000e-01 2.900000e-01 -5.521376e-02 4.985190e-02
-5.700000e-01 2.950000e-01 8.288615e-02 -4.288568e-02 -5.650000e-01 3.000000e-01 8.529693e-02 -4.410918e-02
-5.650000e-01 3.000000e-01 8.529693e-02 -4.410918e-02 -5.600000e-01 3.050000e-01 8.758706e-02 -4.542354e-02
6.100000e-01 2.950000e-01 -5.810262e-02 4.847710e-02 6.100000e-01 3.050000e-01 -5.321987e-02 5.065771e-02
-5.600000e-01 3.050000e-01 8.758706e-02 -4.542354e-02 -5.600000e-01 3.150000e-01 8.211321e-02 -4.243421e-02
6.100000e-01 3.050000e-01 -5.321987e-02 5.065771e-02 6.100000e-01 3.150000e-01 -4.823948e-02 5.298931e-02
-5.600000e-01 3.150000e-01 8.211321e-02 -4.243421e-02 -5.550000e-01 3.200000e-01 8.422900e-02 -4.360061e-02
-5.550000e-01 3.200000e-01 8.422900e-02 -4.360061e-02 -5.500000e-01 3.250000e-01 8.621843e-02 -4.485028e-02
6.100000e-01 3.150000e-01 -4.823948e-02 5.298931e-02 6.100000e-01 3.250000e-01 -4.316617e-02 5.547197e-02
-5.500000e-01 3.250000e-01 8.621843e-02 -4.485028e-02 -5.500000e-01 3.350000e-01 8.052964e-02 -4.149667e-02
6.100000e-01 3.250000e-01 -4.316617e-02 5.547197e-02 6.100000e-01 3.350000e-01 -3.800441e-02 5.810543e-02
-5.500000e-01 3.350000e-01 8.052964e-02 -4.149667e-02 -5.450000e-01 3.400000e-01 8.236070e-02 -4.257897e-02
-5.450000e-01 3.400000e-01 8.236070e-02 -4.257897e-02 -5.400000e-01 3.450000e-01 8.406057e-02 -4.373607e-02
6.100000e-01 3.350000e-01 -3.800441e-02 5.810543e-02 6.100000e-01 3.450000e-01 -3.275873e-02 6.088928e-02
-5.400000e-01 3.450000e-01 8.406057e-02 -4.373607e-02 -5.400000e-01 3.550000e-01 7.818880e-02 -3.999623e-02
6.100000e-01 3.450000e-01 -3.275873e-02 6.088928e-02 6.100000e-01 3.550000e-01 -2.743317e-02 6.382276e-02
-5.400000e-01 3.550000e-01 7.818880e-02 -3.999623e-02 -5.350000e-01 3.600000e-01 7.974800e-02 -4.096852e-02
-5.350000e-01 3.600000e-01 7.974800e-02 -4.096852e-02 -5.300000e-01 3.650000e-01 8.117250e-02 -4.200644e-02
6.100000e-01 3.550000e-01 -2.743317e-02 6.382276e-02 6.100000e-01 3.650000e-01 -2.203204e-02 6.690489e-02
-5.300000e-01 3.650000e-01 8.117250e-02 -4.200644e-02 -5.300000e-01 3.750000e-01 7.515088e-02 -3.786236e-02
6.100000e-01 3.650000e-01 -2.203204e-02 6.690489e-02 6.100000e-01 3.750000e-01 -1.655914e-02 7.013455e-02
-5.300000e-01 3.750000e-01 7.515088e-02 -3.786236e-02 -5.250000e-01 3.800000e-01 7.645372e-02 -3.870010e-02
-5.250000e-01 3.800000e-01 7.645372e-02 -3.870010e-02 -5.200000e-01 3.850000e-01 7.761941e-02 -3.959375e-02
6.100000e-01 3.750000e-01 -1.655914e-02 7.013455e-02 6.100000e-01 3.850000e-01 -1.101817e-02 7.351036e-02
-5.200000e-01 3.850000e-01 7.761941e-02 -3.959375e-02 -5.150000e-01 3.900000e-01 7.873450e-02 -4.039495e-02
-5.150000e-01 3.900000e-01 7.873450e-02 -4.039495e-02 -5.100000e-01 3.950000e-01 7.970737e-02 -4.123245e-02
6.100000e-01 3.850000e-01 -1.101817e-02 7.351036e-02 6.100000e-01 3.950000e-01 -5.412831e-03 7.703074e-02
-5.100000e-01 3.950000e-01 7.970737e-02 -4.123245e-02 -5.100000e-01 4.050000e-01 7.347678e-02 -3.646734e-02
6.100000e-01 3.950000e-01 -5.412831e-03 7.703074e-02 6.100000e-01 4.050000e-01 2.535439e-04 8.069405e-02
-5.100000e-01 4.050000e-01 7.347678e-02 -3.646734e-02 -5.050000e-01 4.100000e-01 7.436007e-02 -3.708276e-02
-5.050000e-01 4.100000e-01 7.436007e-02 -3.708276e-02 -5.000000e-01 4.150000e-01 7.510322e-02 -3.773775e-02
6.100000e-01 4.050000e-01 2.535439e-04 8.069405e-02 6.100000e-01 4.150000e-01 5.979047e-03 8.449010e-02
-5.000000e-01 4.150000e-01 7.510322e-02 -3.773775e-02 -4.950000e-01 4.200000e-01 7.581002e-02 -3.827675e-02
-4.950000e-01 4.200000e-01 7.581002e-02 -3.827675e-02 -4.900000e-01 4.250000e-01 7.637526e-02 -3.884892e-02
6.100000e-01 4.150000e-01 5.979047e-03 8.449010e-02 6.100000e-01 4.250000e-01 1.175915e-02 8.842485e-02
-4.900000e-01 4.250000e-01 7.637526e-02 -3.884892e-02 -4.900000e-01 4.350000e-01 7.001949e-02 -3.339693e-02
6.100000e-01 4.250000e-01 1.175915e-02 8.842485e-02 6.100000e-01 4.350000e-01 1.758961e-02 9.250471e-02
-4.900000e-01 4.350000e-01 7.001949e-02 -3.339693e-02 -4.850000e-01 4.400000e-01 7.052924e-02 -3.372967e-02
-4.850000e-01 4.400000e-01 7.052924e-02 -3.372967e-02 -4.800000e-01 4.450000e-01 7.089915e-02 -3.408485e-02
6.100000e-01 4.350000e-01 1.758961e-02 9.250471e-02 6.100000e-01 4.450000e-01 2.346896e-02 9.671939e-02
-4.800000e-01 4.450000e-01 7.089915e-02 -3.408485e-02 -4.750000e-01 4.500000e-01 7.125010e-02 -3.431742e-02
-4.750000e-01 4.500000e-01 7.125010e-02 -3.431742e-02 -4.700000e-01 4.550000e-01 7.146117e-02 -3.456561e-02
6.100000e-01 4.450000e-01 2.346896e-02 9.671939e-02 6.100000e-01 4.550000e-01 2.939461e-02 1.010666e-01
-4.700000e-01 4.550000e-01 7.146117e-02 -3.456561e-02 -4.650000e-01 4.600000e-01 7.166008e-02 -3.468848e-02
-4.650000e-01 4.600000e-01 7.166008e-02 -3.468848e-02 -4.600000e-01 4.650000e-01 7.171962e-02 -3.482011e-02
6.100000e-01 4.550000e-01 2.939461e-02 1.010666e-01 6.100000e-01 4.650000e-01 3.536390e-02 1.055441e-01
-4.600000e-01 4.650000e-01 7.171962e-02 -3.482011e-02 -4.550000e-01 4.700000e-01 7.177393e-02 -3.482416e-02
-4.550000e-01 4.700000e-01 7.177393e-02 -3.482416e-02 -4.500000e-01 4.750000e-01 7.168989e-02 -3.483012e-02
6.100000e-01 4.650000e-01 3.536390e-02 1.055441e-01 6.100000e-01 4.750000e-01 4.137455e-02 1.101494e-01
-4.500000e-01 4.750000e-01 7.168989e-02 -3.483012e-02 -4.450000e-01 4.800000e-01 7.160764e-02 -3.470673e-02
-4.450000e-01 4.800000e-01 7.160764e-02 -3.470673e-02 -4.400000e-01 4.850000e-01 7.138872e-02 -3.457816e-02
6.100000e-01 4.750000e-01 4.137455e-02 1.101494e-01 6.100000e-01 4.850000e-01 4.742412e-02 1.148801e-01
-4.400000e-01 4.850000e-01 7.138872e-02 -3.457816e-02 -4.350000e-01 4.900000e-01 7.117850e-02 -3.431917e-02
-4.350000e-01 4.900000e-01 7.117850e-02 -3.431917e-02 -4.300000e-01 4.950000e-01 7.083369e-02 -3.404797e-02
6.100000e-01 4.850000e-01 4.742412e-02 1.148801e-01 6.100000e-01 4.950000e-01 5.351053e-02 1.197340e-01
-4.300000e-01 4.950000e-01 7.083369e-02 -3.404797e-02 -4.250000e-01 5.000000e-01 7.050045e-02 -3.362107e-02
-4.250000e-01 5.000000e-01 7.050045e-02 -3.362107e-02 -4.200000e-01 5.050000e-01 7.003518e-02 -3.317433e-02
6.100000e-01 4.950000e-01 5.351053e-02 1.197340e-01 6.100000e-01 5.050000e-01 5.962990e-02 1.247188e-01
-4.200000e-01 5.050000e-01 7.003518e-02 -3.317433e-02 -4.150000e-01 5.100000e-01 6.959646e-02 -3.262042e-02
-4.150000e-01 5.100000e-01 6.959646e-02 -3.262042e-02 -4.100000e-01 5.150000e-01 6.902906e-02 -3.204058e-02
6.100000e-01 5.050000e-01 5.962990e-02 1.247188e-01 6.100000e-01 5.150000e-01 6.578170e-02 1.298224e-01
-4.100000e-01 5.150000e-01 6.902906e-02 -3.204058e-02 -4.050000e-01 5.200000e-01 6.849083e-02 -3.132985e-02
-4.050000e-01 5.200000e-01 6.849083e-02 -3.132985e-02 -4.000000e-01 5.250000e-01 6.782762e-02 -3.058658e-02
6.100000e-01 5.150000e-01 6.578170e-02 1.298224e-01 6.100000e-01 5.250000e-01 7.196574e-02 1.350321e-01
-4.000000e-01 5.250000e-01 6.782762e-02 -3.058658e-02 -3.950000e-01 5.300000e-01 6.720011e-02 -2.971336e-02
-3.950000e-01 5.300000e-01 6.720011e-02 -2.971336e-02 -3.900000e-01 5.350000e-01 6.645171e-02 -2.880129e-02
6.100000e-01 5.250000e-01 7.196574e-02 1.350321e-01 6.100000e-01 5.350000e-01 7.817815e-02 1.403558e-01
-3.900000e-01 5.350000e-01 6.645171e-02 -2.880129e-02 -3.850000e-01 5.400000e-01 6.574525e-02 -2.776053e-02
-3.850000e-01 5.400000e-01 6.574525e-02 -2.776053e-02 -3.800000e-01 5.450000e-01 6.492254e-02 -2.667476e-02
6.100000e-01 5.350000e-01 7.817815e-02 1.403558e-01 6.100000e-01 5.450000e-01 8.441685e-02 1.457916e-01
-3.800000e-01 5.450000e-01 6.492254e-02 -2.667476e-02 -3.750000e-01 5.500000e-01 6.414777e-02 -2.546216e-02
-3.750000e-01 5.500000e-01 6.414777e-02 -2.546216e-02 -3.650000e-01 5.500000e-01 6.840263e-02 -3.148992e-02
-3.650000e-01 5.500000e-01 6.840263e-02 -3.148992e-02 -3.600000e-01 5.550000e-01 6.740607e-02 -3.017122e-02
6.100000e-01 5.450000e-01 8.441685e-02 1.457916e-01 6.100000e-01 5.550000e-01 9.067969e-02 1.513375e-01
-3.600000e-01 5.550000e-01 6.740607e-02 -3.017122e-02 -3.550000e-01 5.600000e-01 6.646754e-02 -2.872688e-02
-3.550000e-01 5.600000e-01 6.646754e-02 -2.872688e-02 -3.500000e-01 5.650000e-01 6.542423e-02 -2.722186e-02
6.100000e-01 5.550000e-01 9.067969e-02 1.513375e-01 6.100000e-01 5.650000e-01 9.696434e-02 1.569918e-01
-3.500000e-01 5.650000e-01 6.542423e-02 -2.722186e-02 -3.450000e-01 5.700000e-01 6.444418e-02 -2.559417e-02
-3.450000e-01 5.700000e-01 6.444418e-02 -2.559417e-02 -3.350000e-01 5.700000e-01 6.805558e-02 -3.136390e-02
-3.350000e-01 5.700000e-01 6.805558e-02 -3.136390e-02 -3.300000e-01 5.750000e-01 6.687982e-02 -2.960031e-02
6.100000e-01 5.650000e-01 9.696434e-02 1.569918e-01 6.100000e-01 5.750000e-01 1.032685e-01 1.627528e-01
-3.300000e-01 5.750000e-01 6.687982e-02 -2.960031e-02 -3.250000e-01 5.800000e-01 6.577652e-02 -2.771710e-02
-3.250000e-01 5.800000e-01 6.577652e-02 -2.771710e-02 -3.200000e-01 5.850000e-01 6.458279e-02 -2.575920e-02
6.100000e-01 5.750000e-01 1.032685e-01 1.627528e-01 6.150000e-01 5.800000e-01 1.096927e-01 1.688463e-01
6.150000e-01 5.800000e-01 1.096927e-01 1.688463e-01 6.200000e-01 5.850000e-01 1.161725e-01 1.748803e-01
-3.200000e-01 5.850000e-01 6.458279e-02 -2.575920e-02 -3.150000e-01 5.900000e-01 6.346577e-02 -2.368561e-02
-3.150000e-01 5.900000e-01 6.346577e-02 -2.368561e-02 -3.050000e-01 5.900000e-01 6.649611e-02 -2.911809e-02
-3.050000e-01 5.900000e-01 6.649611e-02 -2.911809e-02 -3.000000e-01 5.950000e-01 6.521447e-02 -2.688298e-02
6.200000e-01 5.850000e-01 1.161725e-01 1.748803e-01 6.200000e-01 5.950000e-01 1.223739e-01 1.808647e-01
-3.000000e-01 5.950000e-01 6.521447e-02 -2.688298e-02 -2.950000e-01 6.000000e-01 6.401743e-02 -2.453687e-02
-2.950000e-01 6.000000e-01 6.401743e-02 -2.453687e-02 -2.850000e-01 6.000000e-01 6.668004e-02 -2.974203e-02
-2.850000e-01 6.000000e-01 6.668004e-02 -2.974203e-02 -2.800000e-01 6.050000e-01 6.533858e-02 -2.721967e-02
6.200000e-01 5.950000e-01 1.223739e-01 1.808647e-01 6.200000e-01 6.050000e-01 1.285887e-01 1.869495e-01
-2.800000e-01 6.050000e-01 6.533858e-02 -2.721967e-02 -2.750000e-01 6.100000e-01 6.408862e-02 -2.459182e-02
-2.750000e-01 6.100000e-01 6.408862e-02 -2.459182e-02 -2.650000e-01 6.100000e-01 6.641112e-02 -2.954145e-02
-2.650000e-01 6.100000e-01 6.641112e-02 -2.954145e-02 -2.600000e-01 6.150000e-01 6.503855e-02 -2.672453e-02
6.200000e-01 6.050000e-01 1.285887e-01 1.869495e-01 6.200000e-01 6.150000e-01 1.348141e-01 1.931338e-01
-2.600000e-01 6.150000e-01 6.503855e-02 -2.672453e-02 -2.550000e-01 6.200000e-01 6.376338e-02 -2.380872e-02
-2.550000e-01 6.200000e-01 6.376338e-02 -2.380872e-02 -2.450000e-01 6.200000e-01 6.577653e-02 -2.847696e-02
-2.450000e-01 6.200000e-01 6.577653e-02 -2.847696e-02 -2.400000e-01 6.250000e-01 6.440167e-02 -2.536130e-02
6.200000e-01 6.150000e-01 1.348141e-01 1.931338e-01 6.200000e-01 6.250000e-01 1.410471e-01 1.994168e-01
-2.400000e-01 6.250000e-01 6.440167e-02 -2.536130e-02 -2.350000e-01 6.300000e-01 6.312896e-02 -2.215397e-02
-2.350000e-01 6.300000e-01 6.312896e-02 -2.215397e-02 -2.250000e-01 6.300000e-01 6.486627e-02 -2.651810e-02
-2.250000e-01 6.300000e-01 6.486627e-02 -2.651810e-02 -2.200000e-01 6.350000e-01 6.351754e-02 -2.310263e-02
6.200000e-01 6.250000e-01 1.410471e-01 1.994168e-01 6.200000e-01 6.350000e-01 1.472846e-01 2.057980e-01
-2.200000e-01 6.350000e-01 6.351754e-02 -2.310263e-02 -2.150000e-01 6.400000e-01 6.227455e-02 -1.960312e-02
-2.150000e-01 6.400000e-01 6.227455e-02 -1.960312e-02 -2.050000e-01 6.400000e-01 6.377159e-02 -2.364384e-02
-2.050000e-01 6.400000e-01 6.377159e-02 -2.364384e-02 -1.950000e-01 6.400000e-01 6.510060e-02 -2.756374e-02
-1.950000e-01 6.400000e-01 6.510060e-02 -2.756374e-02 -1.900000e-01 6.450000e-01 6.378689e-02 -2.373980e-02
6.200000e-01 6.350000e-01 1.472846e-01 2.057980e-01 6.200000e-01 6.450000e-01 1.535230e-01 2.122772e-01
-1.900000e-01 6.450000e-01 6.378689e-02 -2.373980e-02 -1.850000e-01 6.500000e-01 6.258330e-02 -1.984236e-02
-1.850000e-01 6.500000e-01 6.258330e-02 -1.984236e-02 -1.750000e-01 6.500000e-01 6.372292e-02 -2.341310e-02
-1.750000e-01 6.500000e-01 6.372292e-02 -2.341310e-02 -1.650000e-01 6.500000e-01 6.471289e-02 -2.684722e-02
-1.650000e-01 6.500000e-01 6.471289e-02 -2.684722e-02 -1.600000e-01 6.550000e-01 6.348997e-02 -2.261576e-02
6.200000e-01 6.450000e-01 1.535230e-01 2.122772e-01 6.200000e-01 6.550000e-01 1.597586e-01 2.188543e-01
-1.600000e-01 6.550000e-01 6.348997e-02 -2.261576e-02 -1.550000e-01 6.600000e-01 6.237914e-02 -1.832220e-02
-1.550000e-01 6.600000e-01 6.237914e-02 -1.832220e-02 -1.450000e-01 6.600000e-01 6.323367e-02 -2.138856e-02
-1.450000e-01 6.600000e-01 6.323367e-02 -2.138856e-02 -1.350000e-01 6.600000e-01 6.395934e-02 -2.430507e-02
-1.350000e-01 6.600000e-01 6.395934e-02 -2.430507e-02 -1.250000e-01 6.600000e-01 6.456184e-02 -2.706667e-02
-1.250000e-01 6.600000e-01 6.456184e-02 -2.706667e-02 -1.150000e-01 6.600000e-01 6.504724e-02 -2.966877e-02
-1.150000e-01 6.600000e-01 6.504724e-02 -2.966877e-02 -1.100000e-01 6.650000e-01 6.401579e-02 -2.481183e-02
6.200000e-01 6.550000e-01 1.597586e-01 2.188543e-01 6.200000e-01 6.650000e-01 1.659873e-01 2.255295e-01
-1.100000e-01 6.650000e-01 6.401579e-02 -2.481183e-02 -1.050000e-01 6.700000e-01 6.309654e-02 -1.991041e-02
-1.050000e-01 6.700000e-01 6.309654e-02 -1.991041e-02 -9.500000e-02 6.700000e-01 6.353515e-02 -2.212413e-02
-9.500000e-02 6.700000e-01 6.353515e-02 -2.212413e-02 -8.500000e-02 6.700000e-01 6.388023e-02 -2.416988e-02
-8.500000e-02 6.700000e-01 6.388023e-02 -2.416988e-02 -7.500000e-02 6.700000e-01 6.413855e-02 -2.604421e-02
-7.500000e-02 6.700000e-01 6.413855e-02 -2.604421e-02 -6.500000e-02 6.700000e-01 6.431716e-02 -2.774377e-02
-6.500000e-02 6.700000e-01 6.431716e-02 -2.774377e-02 -5.500000e-02 6.700000e-01 6.442326e-02 -2.926566e-02
-5.500000e-02 6.700000e-01 6.442326e-02 -2.926566e-02 -5.000000e-02 6.750000e-01 6.377307e-02 -2.370847e-02
6.200000e-01 6.650000e-01 1.659873e-01 2.255295e-01 6.200000e-01 6.750000e-01 1.722050e-01 2.323031e-01
-5.000000e-02 6.750000e-01 6.377307e-02 -2.370847e-02 -4.500000e-02 6.800000e-01 6.322799e-02 -1.812745e-02
-4.500000e-02 6.800000e-01 6.322799e-02 -1.812745e-02 -3.500000e-02 6.800000e-01 6.339237e-02 -1.926012e-02
-3.500000e-02 6.800000e-01 6.339237e-02 -1.926012e-02 -2.500000e-02 6.800000e-01 6.350839e-02 -2.021319e-02
-2.500000e-02 6.800000e-01 6.350839e-02 -2.021319e-02 -1.500000e-02 6.800000e-01 6.358332e-02 -2.098507e-02
-1.500000e-02 6.800000e-01 6.358332e-02 -2.098507e-02 -5.000000e-03 6.800000e-01 6.362449e-02 -2.157427e-02
-5.000000e-03 6.800000e-01 6.362449e-02 -2.157427e-02 5.000000e-03 6.800000e-01 6.363921e-02 -2.197994e-02
5.000000e-03 6.800000e-01 6.363921e-02 -2.197994e-02 1.500000e-02 6.800000e-01 6.363476e-02 -2.220137e-02
1.500000e-02 6.800000e-01 6.363476e-02 -2.220137e-02 2.500000e-02 6.800000e-01 6.361839e-02 -2.223808e-02
2.500000e-02 6.800000e-01 6.361839e-02 -2.223808e-02 3.500000e-02 6.800000e-01 6.359724e-02 -2.209014e-02
3.500000e-02 6.800000e-01 6.359724e-02 -2.209014e-02 4.500000e-02 6.800000e-01 6.357834e-02 -2.175779e-02
4.500000e-02 6.800000e-01 6.357834e-02 -2.175779e-02 5.500000e-02 6.800000e-01 6.356858e-02 -2.124137e-02
5.500000e-02 6.800000e-01 6.356858e-02 -2.124137e-02 6.500000e-02 6.800000e-01 6.357469e-02 -2.054185e-02
6.500000e-02 6.800000e-01 6.357469e-02 -2.054185e-02 7.500000e-02 6.800000e-01 6.360317e-02 -1.966030e-02
7.500000e-02 6.800000e-01 6.360317e-02 -1.966030e-02 8.500000e-02 6.800000e-01 6.366035e-02 -1.859791e-02
8.500000e-02 6.800000e-01 6.366035e-02 -1.859791e-02 9.500000e-02 6.800000e-01 6.375227e-02 -1.735640e-02
9.500000e-02 6.800000e-01 6.375227e-02 -1.735640e-02 1.050000e-01 6.800000e-01 6.388471e-02 -1.593745e-02
1.050000e-01 6.800000e-01 6.388471e-02 -1.593745e-02 1.150000e-01 6.800000e-01 6.406318e-02 -1.434309e-02
1.150000e-01 6.800000e-01 6.406318e-02 -1.434309e-02 1.250000e-01 6.800000e-01 6.429285e-02 -1.257545e-02
1.250000e-01 6.800000e-01 6.429285e-02 -1.257545e-02 1.350000e-01 6.800000e-01 6.457857e-02 -1.063693e-02
1.350000e-01 6.800000e-01 6.457857e-02 -1.063693e-02 1.450000e-01 6.800000e-01 6.492485e-02 -8.529968e-03
1.450000e-01 6.800000e-01 6.492485e-02 -8.529968e-03 1.550000e-01 6.800000e-01 6.533582e-02 -6.257064e-03
1.550000e-01 6.800000e-01 6.533582e-02 -6.257064e-03 1.650000e-01 6.800000e-01 6.581523e-02 -3.821082e-03
1.650000e-01 6.800000e-01 6.581523e-02 -3.821082e-03 1.750000e-01 6.800000e-01 6.636647e-02 -1.224585e-03
1.750000e-01 6.800000e-01 6.636647e-02 -1.224585e-03 1.850000e-01 6.800000e-01 6.699250e-02 1.529567e-03
1.850000e-01 6.800000e-01 6.699250e-02 1.529567e-03 1.950000e-01 6.800000e-01 6.769586e-02 4.438572e-03
1.950000e-01 6.800000e-01 6.769586e-02 4.438572e-03 2.050000e-01 6.800000e-01 6.847871e-02 7.499509e-03
2.050000e-01 6.800000e-01 6.847871e-02 7.499509e-03 2.150000e-01 6.800000e-01 6.934273e-02 1.070970e-02
2.150000e-01 6.800000e-01 6.934273e-02 1.070970e-02 2.250000e-01 6.800000e-01 7.028925e-02 1.406645e-02
2.250000e-01 6.800000e-01 7.028925e-02 1.406645e-02 2.350000e-01 6.800000e-01 7.131909e-02 1.756703e-02
2.350000e-01 6.800000e-01 7.131909e-02 1.756703e-02 2.450000e-01 6.800000e-01 7.243272e-02 2.120893e-02
2.450000e-01 6.800000e-01 7.243272e-02 2.120893e-02 2.550000e-01 6.800000e-01 7.363013e-02 2.498978e-02
2.550000e-01 6.800000e-01 7.363013e-02 2.498978e-02 2.600000e-01 6.850000e-01 7.622899e-02 3.249877e-02
6.200000e-01 6.750000e-01 1.722050e-01 2.323031e-01 6.200000e-01 6.850000e-01 1.784070e-01 2.391757e-01
2.600000e-01 6.850000e-01 7.622899e-02 3.249877e-02 2.650000e-01 6.900000e-01 7.884239e-02 3.998870e-02
2.650000e-01 6.900000e-01 7.884239e-02 3.998870e-02 2.750000e-01 6.900000e-01 8.033773e-02 4.393262e-02
2.750000e-01 6.900000e-01 8.033773e-02 4.393262e-02 2.850000e-01 6.900000e-01 8.191261e-02 4.800612e-02
2.850000e-01 6.900000e-01 8.191261e-02 4.800612e-02 2.950000e-01 6.900000e-01 8.356567e-02 5.220735e-02
2.950000e-01 6.900000e-01 8.356567e-02 5.220735e-02 3.050000e-01 6.900000e-01 8.529515e-02 5.653483e-02
3.050000e-01 6.900000e-01 8.529515e-02 5.653483e-02 3.150000e-01 6.900000e-01 8.709908e-02 6.098718e-02
3.150000e-01 6.900000e-01 8.709908e-02 6.098718e-02 3.200000e-01 6.950000e-01 9.032492e-02 6.852252e-02
6.200000e-01 6.850000e-01 1.784070e-01 2.391757e-01 6.200000e-01 6.950000e-01 1.845887e-01 2.461479e-01
3.200000e-01 6.950000e-01 9.032492e-02 6.852252e-02 3.250000e-01 7.000000e-01 9.355206e-02 7.604141e-02
3.250000e-01 7.000000e-01 9.355206e-02 7.604141e-02 3.350000e-01 7.000000e-01 9.561857e-02 8.061810e-02
3.350000e-01 7.000000e-01 9.561857e-02 8.061810e-02 3.450000e-01 7.000000e-01 9.775131e-02 8.531357e-02
3.450000e-01 7.000000e-01 9.775131e-02 8.531357e-02 3.550000e-01 7.000000e-01 9.994767e-02 9.012724e-02
3.550000e-01 7.000000e-01 9.994767e-02 9.012724e-02 3.600000e-01 7.050000e-01 1.035417e-01 9.763737e-02
6.200000e-01 6.950000e-01 1.845887e-01 2.461479e-01 6.200000e-01 7.050000e-01 1.907449e-01 2.532206e-01
3.600000e-01 7.050000e-01 1.035417e-01 9.763737e-02 3.650000e-01 7.100000e-01 1.071304e-01 1.051335e-01
3.650000e-01 7.100000e-01 1.071304e-01 1.051335e-01 3.750000e-01 7.100000e-01 1.095614e-01 1.100521e-01
3.750000e-01 7.100000e-01 1.095614e-01 1.100521e-01 3.850000e-01 7.100000e-01 1.120479e-01 1.150844e-01
3.850000e-01 7.100000e-01 1.120479e-01 1.150844e-01 3.900000e-01 7.150000e-01 1.158903e-01 1.225576e-01
6.200000e-01 7.050000e-01 1.907449e-01 2.532206e-01 6.200000e-01 7.150000e-01 1.968706e-01 2.603947e-01
3.900000e-01 7.150000e-01 1.158903e-01 1.225576e-01 3.950000e-01 7.200000e-01 1.197229e-01 1.300187e-01
3.950000e-01 7.200000e-01 1.197229e-01 1.300187e-01 4.050000e-01 7.200000e-01 1.224249e-01 1.351430e-01
4.050000e-01 7.200000e-01 1.224249e-01 1.351430e-01 4.150000e-01 7.200000e-01 1.251761e-01 1.403767e-01
4.150000e-01 7.200000e-01 1.251761e-01 1.403767e-01 4.200000e-01 7.250000e-01 1.292466e-01 1.478024e-01
6.150000e-01 7.200000e-01 1.973051e-01 2.609877e-01 6.100000e-01 7.250000e-01 1.978816e-01 2.615683e-01
6.200000e-01 7.150000e-01 1.968706e-01 2.603947e-01 6.150000e-01 7.200000e-01 1.973051e-01 2.609877e-01
4.200000e-01 7.250000e-01 1.292466e-01 1.478024e-01 4.250000e-01 7.300000e-01 1.333033e-01 1.552185e-01
4.250000e-01 7.300000e-01 1.333033e-01 1.552185e-01 4.350000e-01 7.300000e-01 1.362559e-01 1.605313e-01
4.350000e-01 7.300000e-01 1.362559e-01 1.605313e-01 4.400000e-01 7.350000e-01 1.404636e-01 1.679172e-01
6.100000e-01 7.250000e-01 1.978816e-01 2.615683e-01 6.100000e-01 7.350000e-01 2.039896e-01 2.689956e-01
4.400000e-01 7.350000e-01 1.404636e-01 1.679172e-01 4.450000e-01 7.400000e-01 1.446551e-01 1.752949e-01
4.450000e-01 7.400000e-01 1.446551e-01 1.752949e-01 4.550000e-01 7.400000e-01 1.478021e-01 1.806773e-01
4.550000e-01 7.400000e-01 1.478021e-01 1.806773e-01 4.650000e-01 7.400000e-01 1.509964e-01 1.861578e-01
4.650000e-01 7.400000e-01 1.509964e-01 1.861578e-01 4.700000e-01 7.450000e-01 1.554061e-01 1.934807e-01
6.100000e-01 7.350000e-01 2.039896e-01 2.689956e-01 6.100000e-01 7.450000e-01 2.100429e-01 2.765322e-01
4.700000e-01 7.450000e-01 1.554061e-01 1.934807e-01 4.750000e-01 7.500000e-01 1.597953e-01 2.007983e-01
4.750000e-01 7.500000e-01 1.597953e-01 2.007983e-01 4.850000e-01 7.500000e-01 1.631827e-01 2.063312e-01
4.850000e-01 7.500000e-01 1.631827e-01 2.063312e-01 4.950000e-01 7.500000e-01 1.666245e-01 2.119516e-01
4.950000e-01 7.500000e-01 1.666245e-01 2.119516e-01 5.000000e-01 7.550000e-01 1.712265e-01 2.192009e-01
6.050000e-01 7.500000e-01 2.106125e-01 2.773584e-01 6.000000e-01 7.550000e-01 2.112880e-01 2.782024e-01
6.100000e-01 7.450000e-01 2.100429e-01 2.765322e-01 6.050000e-01 7.500000e-01 2.106125e-01 2.773584e-01
5.000000e-01 7.550000e-01 1.712265e-01 2.192009e-01 5.050000e-01 7.600000e-01 1.758035e-01 2.264486e-01
5.050000e-01 7.600000e-01 1.758035e-01 2.264486e-01 5.150000e-01 7.600000e-01 1.794468e-01 2.320991e-01
5.150000e-01 7.600000e-01 1.794468e-01 2.320991e-01 5.250000e-01 7.600000e-01 1.831588e-01 2.378215e-01
5.250000e-01 7.600000e-01 1.831588e-01 2.378215e-01 5.300000e-01 7.650000e-01 1.879466e-01 2.449865e-01
5.850000e-01 7.600000e-01 2.074439e-01 2.731775e-01 5.800000e-01 7.650000e-01 2.082519e-01 2.741946e-01
5.850000e-01 7.600000e-01 2.074439e-01 2.731775e-01 5.950000e-01 7.600000e-01 2.119373e-01 2.791405e-01
6.000000e-01 7.550000e-01 2.112880e-01 2.782024e-01 5.950000e-01 7.600000e-01 2.119373e-01 2.791405e-01
5.300000e-01 7.650000e-01 1.879466e-01 2.449865e-01 5.350000e-01 7.700000e-01 1.927044e-01 2.521541e-01
5.350000e-01 7.700000e-01 1.927044e-01 2.521541e-01 5.450000e-01 7.700000e-01 1.966351e-01 2.578784e-01
5.450000e-01 7.700000e-01 1.966351e-01 2.578784e-01 5.550000e-01 7.700000e-01 2.006551e-01 2.636540e-01
5.550000e-01 7.700000e-01 2.006551e-01 2.636540e-01 5.650000e-01 7.700000e-01 2.047753e-01 2.694712e-01
5.650000e-01 7.700000e-01 2.047753e-01 2.694712e-01 5.750000e-01 7.700000e-01 2.090076e-01 2.753195e-01
5.800000e-01 7.650000e-01 2.082519e-01 2.741946e-01 5.750000e-01 7.700000e-01 2.090076e-01 2.753195e-01
