-1.850000e-01 -7.500000e-01 -2.846777e-02 -8.632874e-02 -1.900000e-01 -7.450000e-01 -2.751142e-02 -8.262634e-02
-1.850000e-01 -7.500000e-01 -2.846777e-02 -8.632874e-02 -1.750000e-01 -7.500000e-01 -2.773916e-02 -8.371425e-02
-1.750000e-01 -7.500000e-01 -2.773916e-02 -8.371425e-02 -1.650000e-01 -7.500000e-01 -2.709606e-02 -8.122063e-02
-1.650000e-01 -7.500000e-01 -2.709606e-02 -8.122063e-02 -1.550000e-01 -7.500000e-01 -2.653347e-02 -7.885134e-02
-1.550000e-01 -7.500000e-01 -2.653347e-02 -7.885134e-02 -1.450000e-01 -7.500000e-01 -2.604615e-02 -7.660949e-02
-1.450000e-01 -7.500000e-01 -2.604615e-02 -7.660949e-02 -1.350000e-01 -7.500000e-01 -2.562873e-02 -7.449806e-02
-1.350000e-01 -7.500000e-01 -2.562873e-02 -7.449806e-02 -1.250000e-01 -7.500000e-01 -2.527559e-02 -7.251978e-02
-1.250000e-01 -7.500000e-01 -2.527559e-02 -7.251978e-02 -1.150000e-01 -7.500000e-01 -2.498103e-02 -7.067740e-02
-1.150000e-01 -7.500000e-01 -2.498103e-02 -7.067740e-02 -1.050000e-01 -7.500000e-01 -2.473912e-02 -6.897318e-02
-1.050000e-01 -7.500000e-01 -2.473912e-02 -6.897318e-02 -9.500000e-02 -7.500000e-01 -2.454387e-02 -6.740952e-02
-9.500000e-02 -7.500000e-01 -2.454387e-02 -6.740952e-02 -8.500000e-02 -7.500000e-01 -2.438911e-02 -6.598818e-02
-8.500000e-02 -7.500000e-01 -2.438911e-02 -6.598818e-02 -7.500000e-02 -7.500000e-01 -2.426862e-02 -6.471115e-02
-7.500000e-02 -7.500000e-01 -2.426862e-02 -6.471115e-02 -6.500000e-02 -7.500000e-01 -2.417604e-02 -6.357980e-02
-6.500000e-02 -7.500000e-01 -2.417604e-02 -6.357980e-02 -5.500000e-02 -7.500000e-01 -2.410500e-02 -6.259555e-02
-5.500000e-02 -7.500000e-01 -2.410500e-02 -6.259555e-02 -4.500000e-02 -7.500000e-01 -2.404903e-02 -6.175935e-02
-4.500000e-02 -7.500000e-01 -2.404903e-02 -6.175935e-02 -3.500000e-02 -7.500000e-01 -2.400164e-02 -6.107211e-02
-3.500000e-02 -7.500000e-01 -2.400164e-02 -6.107211e-02 -2.500000e-02 -7.500000e-01 -2.395635e-02 -6.053430e-02
-2.500000e-02 -7.500000e-01 -2.395635e-02 -6.053430e-02 -1.500000e-02 -7.500000e-01 -2.390663e-02 -6.014633e-02
-1.500000e-02 -7.500000e-01 -2.390663e-02 -6.014633e-02 -5.000000e-03 -7.500000e-01 -2.384603e-02 -5.990815e-02
-5.000000e-03 -7.500000e-01 -2.384603e-02 -5.990815e-02 7.285839e-17 -7.450000e-01 -2.376280e-02 -5.443084e-02
-2.350000e-01 -7.400000e-01 -3.030242e-02 -9.129577e-02 -2.400000e-01 -7.350000e-01 -2.925261e-02 -8.810113e-02
-2.350000e-01 -7.400000e-01 -3.030242e-02 -9.129577e-02 -2.250000e-01 -7.400000e-01 -2.917976e-02 -8.805775e-02
-2.250000e-01 -7.400000e-01 -2.917976e-02 -8.805775e-02 -2.150000e-01 -7.400000e-01 -2.816847e-02 -8.492379e-02
-2.150000e-01 -7.400000e-01 -2.816847e-02 -8.492379e-02 -2.050000e-01 -7.400000e-01 -2.726452e-02 -8.189785e-02
-2.050000e-01 -7.400000e-01 -2.726452e-02 -8.189785e-02 -1.950000e-01 -7.400000e-01 -2.646369e-02 -7.898389e-02
-1.900000e-01 -7.450000e-01 -2.751142e-02 -8.262634e-02 -1.950000e-01 -7.400000e-01 -2.646369e-02 -7.898389e-02
7.285839e-17 -7.450000e-01 -2.376280e-02 -5.443084e-02 5.000000e-03 -7.400000e-01 -2.375219e-02 -4.896473e-02
5.000000e-03 -7.400000e-01 -2.375219e-02 -4.896473e-02 1.500000e-02 -7.400000e-01 -2.380132e-02 -4.902308e-02
1.500000e-02 -7.400000e-01 -2.380132e-02 -4.902308e-02 2.500000e-02 -7.400000e-01 -2.381959e-02 -4.923373e-02
2.500000e-02 -7.400000e-01 -2.381959e-02 -4.923373e-02 3.500000e-02 -7.400000e-01 -2.380056e-02 -4.959564e-02
3.500000e-02 -7.400000e-01 -2.380056e-02 -4.959564e-02 4.500000e-02 -7.400000e-01 -2.373786e-02 -5.010771e-02
4.500000e-02 -7.400000e-01 -2.373786e-02 -5.010771e-02 5.000000e-02 -7.350000e-01 -2.401180e-02 -4.502724e-02
-2.650000e-01 -7.300000e-01 -3.076655e-02 -9.209047e-02 -2.700000e-01 -7.250000e-01 -2.968045e-02 -8.922265e-02
-2.650000e-01 -7.300000e-01 -3.076655e-02 -9.209047e-02 -2.550000e-01 -7.300000e-01 -2.937812e-02 -8.848808e-02
-2.550000e-01 -7.300000e-01 -2.937812e-02 -8.848808e-02 -2.450000e-01 -7.300000e-01 -2.811583e-02 -8.497785e-02
-2.400000e-01 -7.350000e-01 -2.925261e-02 -8.810113e-02 -2.450000e-01 -7.300000e-01 -2.811583e-02 -8.497785e-02
5.000000e-02 -7.350000e-01 -2.401180e-02 -4.502724e-02 5.500000e-02 -7.300000e-01 -2.436695e-02 -3.996835e-02
5.500000e-02 -7.300000e-01 -2.436695e-02 -3.996835e-02 6.500000e-02 -7.300000e-01 -2.434622e-02 -4.079239e-02
6.500000e-02 -7.300000e-01 -2.434622e-02 -4.079239e-02 7.500000e-02 -7.300000e-01 -2.426149e-02 -4.176502e-02
7.500000e-02 -7.300000e-01 -2.426149e-02 -4.176502e-02 8.500000e-02 -7.300000e-01 -2.410685e-02 -4.288397e-02
8.500000e-02 -7.300000e-01 -2.410685e-02 -4.288397e-02 9.000000e-02 -7.250000e-01 -2.462298e-02 -3.816024e-02
-2.950000e-01 -7.200000e-01 -3.178648e-02 -9.422049e-02 -3.000000e-01 -7.150000e-01 -3.070687e-02 -9.167191e-02
-2.950000e-01 -7.200000e-01 -3.178648e-02 -9.422049e-02 -2.850000e-01 -7.200000e-01 -3.007952e-02 -9.028724e-02
-2.850000e-01 -7.200000e-01 -3.007952e-02 -9.028724e-02 -2.750000e-01 -7.200000e-01 -2.851141e-02 -8.643314e-02
-2.700000e-01 -7.250000e-01 -2.968045e-02 -8.922265e-02 -2.750000e-01 -7.200000e-01 -2.851141e-02 -8.643314e-02
9.000000e-02 -7.250000e-01 -2.462298e-02 -3.816024e-02 9.500000e-02 -7.200000e-01 -2.522510e-02 -3.346750e-02
9.500000e-02 -7.200000e-01 -2.522510e-02 -3.346750e-02 1.050000e-01 -7.200000e-01 -2.505501e-02 -3.490278e-02
1.050000e-01 -7.200000e-01 -2.505501e-02 -3.490278e-02 1.150000e-01 -7.200000e-01 -2.479529e-02 -3.647962e-02
1.150000e-01 -7.200000e-01 -2.479529e-02 -3.647962e-02 1.200000e-01 -7.150000e-01 -2.547548e-02 -3.204891e-02
-3.150000e-01 -7.100000e-01 -3.147328e-02 -9.336790e-02 -3.200000e-01 -7.050000e-01 -3.039724e-02 -9.105428e-02
-3.150000e-01 -7.100000e-01 -3.147328e-02 -9.336790e-02 -3.050000e-01 -7.100000e-01 -2.954986e-02 -8.920773e-02
-3.000000e-01 -7.150000e-01 -3.070687e-02 -9.167191e-02 -3.050000e-01 -7.100000e-01 -2.954986e-02 -8.920773e-02
1.200000e-01 -7.150000e-01 -2.547548e-02 -3.204891e-02 1.250000e-01 -7.100000e-01 -2.624410e-02 -2.765735e-02
1.250000e-01 -7.100000e-01 -2.624410e-02 -2.765735e-02 1.350000e-01 -7.100000e-01 -2.592446e-02 -2.954938e-02
1.350000e-01 -7.100000e-01 -2.592446e-02 -2.954938e-02 1.450000e-01 -7.100000e-01 -2.549642e-02 -3.157600e-02
1.450000e-01 -7.100000e-01 -2.549642e-02 -3.157600e-02 1.500000e-01 -7.050000e-01 -2.630434e-02 -2.745135e-02
-3.350000e-01 -7.000000e-01 -3.141349e-02 -9.319825e-02 -3.400000e-01 -6.950000e-01 -3.036257e-02 -9.111471e-02
-3.350000e-01 -7.000000e-01 -3.141349e-02 -9.319825e-02 -3.250000e-01 -7.000000e-01 -2.924810e-02 -8.882935e-02
-3.200000e-01 -7.050000e-01 -3.039724e-02 -9.105428e-02 -3.250000e-01 -7.000000e-01 -2.924810e-02 -8.882935e-02
1.500000e-01 -7.050000e-01 -2.630434e-02 -2.745135e-02 1.550000e-01 -7.000000e-01 -2.720158e-02 -2.337415e-02
1.550000e-01 -7.000000e-01 -2.720158e-02 -2.337415e-02 1.650000e-01 -7.000000e-01 -2.666914e-02 -2.570940e-02
1.650000e-01 -7.000000e-01 -2.666914e-02 -2.570940e-02 1.700000e-01 -6.950000e-01 -2.757006e-02 -2.181119e-02
-3.550000e-01 -6.900000e-01 -3.167443e-02 -9.368092e-02 -3.600000e-01 -6.850000e-01 -3.067003e-02 -9.182048e-02
-3.550000e-01 -6.900000e-01 -3.167443e-02 -9.368092e-02 -3.450000e-01 -6.900000e-01 -2.924350e-02 -8.912349e-02
-3.400000e-01 -6.950000e-01 -3.036257e-02 -9.111471e-02 -3.450000e-01 -6.900000e-01 -2.924350e-02 -8.912349e-02
1.700000e-01 -6.950000e-01 -2.757006e-02 -2.181119e-02 1.750000e-01 -6.900000e-01 -2.856062e-02 -1.796657e-02
1.750000e-01 -6.900000e-01 -2.856062e-02 -1.796657e-02 1.850000e-01 -6.900000e-01 -2.789261e-02 -2.060527e-02
1.850000e-01 -6.900000e-01 -2.789261e-02 -2.060527e-02 1.900000e-01 -6.850000e-01 -2.886805e-02 -1.693952e-02
-3.750000e-01 -6.800000e-01 -3.232086e-02 -9.477978e-02 -3.800000e-01 -6.750000e-01 -3.138388e-02 -9.313362e-02
-3.750000e-01 -6.800000e-01 -3.232086e-02 -9.477978e-02 -3.650000e-01 -6.800000e-01 -2.960311e-02 -9.005540e-02
-3.600000e-01 -6.850000e-01 -3.067003e-02 -9.182048e-02 -3.650000e-01 -6.800000e-01 -2.960311e-02 -9.005540e-02
1.900000e-01 -6.850000e-01 -2.886805e-02 -1.693952e-02 1.950000e-01 -6.800000e-01 -2.993267e-02 -1.333349e-02
1.950000e-01 -6.800000e-01 -2.993267e-02 -1.333349e-02 2.050000e-01 -6.800000e-01 -2.909817e-02 -1.626747e-02
2.050000e-01 -6.800000e-01 -2.909817e-02 -1.626747e-02 2.100000e-01 -6.750000e-01 -3.012856e-02 -1.283865e-02
-3.950000e-01 -6.700000e-01 -3.341391e-02 -9.645353e-02 -4.000000e-01 -6.650000e-01 -3.256454e-02 -9.501127e-02
-3.950000e-01 -6.700000e-01 -3.341391e-02 -9.645353e-02 -3.850000e-01 -6.700000e-01 -3.039057e-02 -9.158520e-02
-3.800000e-01 -6.750000e-01 -3.138388e-02 -9.313362e-02 -3.850000e-01 -6.700000e-01 -3.039057e-02 -9.158520e-02
2.100000e-01 -6.750000e-01 -3.012856e-02 -1.283865e-02 2.150000e-01 -6.700000e-01 -3.124678e-02 -9.475513e-03
2.150000e-01 -6.700000e-01 -3.124678e-02 -9.475513e-03 2.250000e-01 -6.700000e-01 -3.021559e-02 -1.269416e-02
2.250000e-01 -6.700000e-01 -3.021559e-02 -1.269416e-02 2.300000e-01 -6.650000e-01 -3.128042e-02 -9.504714e-03
-4.050000e-01 -6.600000e-01 -3.166544e-02 -9.366826e-02 -4.100000e-01 -6.550000e-01 -3.084389e-02 -9.237304e-02
-4.000000e-01 -6.650000e-01 -3.256454e-02 -9.501127e-02 -4.050000e-01 -6.600000e-01 -3.166544e-02 -9.366826e-02
2.300000e-01 -6.650000e-01 -3.128042e-02 -9.504714e-03 2.350000e-01 -6.600000e-01 -3.243090e-02 -6.386909e-03
2.350000e-01 -6.600000e-01 -3.243090e-02 -6.386909e-03 2.450000e-01 -6.600000e-01 -3.117386e-02 -9.876761e-03
2.450000e-01 -6.600000e-01 -3.117386e-02 -9.876761e-03 2.500000e-01 -6.550000e-01 -3.225201e-02 -6.927340e-03
-4.250000e-01 -6.500000e-01 -3.348236e-02 -9.625574e-02 -4.300000e-01 -6.450000e-01 -3.278016e-02 -9.514596e-02
-4.250000e-01 -6.500000e-01 -3.348236e-02 -9.625574e-02 -4.150000e-01 -6.500000e-01 -2.997650e-02 -9.117880e-02
-4.100000e-01 -6.550000e-01 -3.084389e-02 -9.237304e-02 -4.150000e-01 -6.500000e-01 -2.997650e-02 -9.117880e-02
2.500000e-01 -6.550000e-01 -3.225201e-02 -6.927340e-03 2.550000e-01 -6.500000e-01 -3.341278e-02 -4.055285e-03
2.550000e-01 -6.500000e-01 -3.341278e-02 -4.055285e-03 2.650000e-01 -6.500000e-01 -3.190239e-02 -7.800305e-03
2.650000e-01 -6.500000e-01 -3.190239e-02 -7.800305e-03 2.700000e-01 -6.450000e-01 -3.297244e-02 -5.089660e-03
-4.350000e-01 -6.400000e-01 -3.203940e-02 -9.413756e-02 -4.400000e-01 -6.350000e-01 -3.138584e-02 -9.316547e-02
-4.300000e-01 -6.450000e-01 -3.278016e-02 -9.514596e-02 -4.350000e-01 -6.400000e-01 -3.203940e-02 -9.413756e-02
2.700000e-01 -6.450000e-01 -3.297244e-02 -5.089660e-03 2.750000e-01 -6.400000e-01 -3.412119e-02 -2.461567e-03
2.750000e-01 -6.400000e-01 -3.412119e-02 -2.461567e-03 2.800000e-01 -6.350000e-01 -3.521720e-02 8.862257e-05
-4.450000e-01 -6.300000e-01 -3.069807e-02 -9.229565e-02 -4.500000e-01 -6.250000e-01 -3.010134e-02 -9.145778e-02
-4.400000e-01 -6.350000e-01 -3.138584e-02 -9.316547e-02 -4.450000e-01 -6.300000e-01 -3.069807e-02 -9.229565e-02
2.800000e-01 -6.350000e-01 -3.521720e-02 8.862257e-05 2.850000e-01 -6.300000e-01 -3.639009e-02 2.552385e-03
2.850000e-01 -6.300000e-01 -3.639009e-02 2.552385e-03 2.950000e-01 -6.300000e-01 -3.448667e-02 -1.580601e-03
2.950000e-01 -6.300000e-01 -3.448667e-02 -1.580601e-03 3.000000e-01 -6.250000e-01 -3.553988e-02 7.343292e-04
-4.550000e-01 -6.200000e-01 -2.947490e-02 -9.072279e-02 -4.600000e-01 -6.150000e-01 -2.894302e-02 -9.001510e-02
-4.500000e-01 -6.250000e-01 -3.010134e-02 -9.145778e-02 -4.550000e-01 -6.200000e-01 -2.947490e-02 -9.072279e-02
3.000000e-01 -6.250000e-01 -3.553988e-02 7.343292e-04 3.050000e-01 -6.200000e-01 -3.666485e-02 2.958243e-03
3.050000e-01 -6.200000e-01 -3.666485e-02 2.958243e-03 3.100000e-01 -6.150000e-01 -3.772301e-02 5.111704e-03
-4.650000e-01 -6.100000e-01 -2.838614e-02 -8.941053e-02 -4.700000e-01 -6.050000e-01 -2.792710e-02 -8.882854e-02
-4.600000e-01 -6.150000e-01 -2.894302e-02 -9.001510e-02 -4.650000e-01 -6.100000e-01 -2.838614e-02 -8.941053e-02
3.100000e-01 -6.150000e-01 -3.772301e-02 5.111704e-03 3.150000e-01 -6.100000e-01 -3.885028e-02 7.170632e-03
3.150000e-01 -6.100000e-01 -3.885028e-02 7.170632e-03 3.250000e-01 -6.100000e-01 -3.648685e-02 2.696648e-03
3.250000e-01 -6.100000e-01 -3.648685e-02 2.696648e-03 3.300000e-01 -6.050000e-01 -3.746743e-02 4.623551e-03
-4.750000e-01 -6.000000e-01 -2.744792e-02 -8.834956e-02 -4.800000e-01 -5.950000e-01 -2.706943e-02 -8.788833e-02
-4.700000e-01 -6.050000e-01 -2.792710e-02 -8.882854e-02 -4.750000e-01 -6.000000e-01 -2.744792e-02 -8.834956e-02
3.300000e-01 -6.050000e-01 -3.746743e-02 4.623551e-03 3.350000e-01 -6.000000e-01 -3.851081e-02 6.452465e-03
3.350000e-01 -6.000000e-01 -3.851081e-02 6.452465e-03 3.400000e-01 -5.950000e-01 -3.947464e-02 8.220224e-03
-4.850000e-01 -5.900000e-01 -2.667575e-02 -8.752975e-02 -4.900000e-01 -5.850000e-01 -2.638542e-02 -8.718391e-02
-4.800000e-01 -5.950000e-01 -2.706943e-02 -8.788833e-02 -4.850000e-01 -5.900000e-01 -2.667575e-02 -8.752975e-02
3.400000e-01 -5.950000e-01 -3.947464e-02 8.220224e-03 3.450000e-01 -5.900000e-01 -4.049781e-02 9.886894e-03
3.450000e-01 -5.900000e-01 -4.049781e-02 9.886894e-03 3.500000e-01 -5.850000e-01 -4.143637e-02 1.149616e-02
-4.950000e-01 -5.800000e-01 -2.608487e-02 -8.693995e-02 -5.000000e-01 -5.750000e-01 -2.588993e-02 -8.670364e-02
-4.900000e-01 -5.850000e-01 -2.638542e-02 -8.718391e-02 -4.950000e-01 -5.800000e-01 -2.608487e-02 -8.693995e-02
3.500000e-01 -5.850000e-01 -4.143637e-02 1.149616e-02 3.550000e-01 -5.800000e-01 -4.243054e-02 1.300160e-02
3.550000e-01 -5.800000e-01 -4.243054e-02 1.300160e-02 3.650000e-01 -5.800000e-01 -3.937359e-02 8.134646e-03
3.650000e-01 -5.800000e-01 -3.937359e-02 8.134646e-03 3.700000e-01 -5.750000e-01 -4.018781e-02 9.536433e-03
-5.050000e-01 -5.700000e-01 -2.568985e-02 -8.656815e-02 -5.100000e-01 -5.650000e-01 -2.559728e-02 -8.643526e-02
-5.000000e-01 -5.750000e-01 -2.588993e-02 -8.670364e-02 -5.050000e-01 -5.700000e-01 -2.568985e-02 -8.656815e-02
3.700000e-01 -5.750000e-01 -4.018781e-02 9.536433e-03 3.750000e-01 -5.700000e-01 -4.105002e-02 1.083254e-02
3.750000e-01 -5.700000e-01 -4.105002e-02 1.083254e-02 3.800000e-01 -5.650000e-01 -4.181736e-02 1.208281e-02
-5.150000e-01 -5.600000e-01 -2.550487e-02 -8.640042e-02 -5.200000e-01 -5.550000e-01 -2.552124e-02 -8.636444e-02
-5.100000e-01 -5.650000e-01 -2.559728e-02 -8.643526e-02 -5.150000e-01 -5.600000e-01 -2.550487e-02 -8.640042e-02
3.800000e-01 -5.650000e-01 -4.181736e-02 1.208281e-02 3.850000e-01 -5.600000e-01 -4.262834e-02 1.322550e-02
3.850000e-01 -5.600000e-01 -4.262834e-02 1.322550e-02 3.900000e-01 -5.550000e-01 -4.334031e-02 1.432676e-02
-5.250000e-01 -5.500000e-01 -2.554264e-02 -8.642613e-02 -5.300000e-01 -5.450000e-01 -2.567443e-02 -8.647893e-02
-5.200000e-01 -5.550000e-01 -2.552124e-02 -8.636444e-02 -5.250000e-01 -5.500000e-01 -2.554264e-02 -8.642613e-02
3.900000e-01 -5.550000e-01 -4.334031e-02 1.432676e-02 3.950000e-01 -5.500000e-01 -4.409132e-02 1.531882e-02
3.950000e-01 -5.500000e-01 -4.409132e-02 1.531882e-02 4.000000e-01 -5.450000e-01 -4.473952e-02 1.627417e-02
-5.350000e-01 -5.400000e-01 -2.581606e-02 -8.662865e-02 -5.400000e-01 -5.350000e-01 -2.606861e-02 -8.676583e-02
-5.300000e-01 -5.450000e-01 -2.567443e-02 -8.647893e-02 -5.350000e-01 -5.400000e-01 -2.581606e-02 -8.662865e-02
4.000000e-01 -5.450000e-01 -4.473952e-02 1.627417e-02 4.050000e-01 -5.400000e-01 -4.542193e-02 1.711889e-02
4.050000e-01 -5.400000e-01 -4.542193e-02 1.711889e-02 4.100000e-01 -5.350000e-01 -4.599800e-02 1.793196e-02
-5.400000e-01 -5.350000e-01 -2.606861e-02 -8.676583e-02 -5.400000e-01 -5.250000e-01 -2.066163e-02 -8.181977e-02
4.100000e-01 -5.350000e-01 -4.599800e-02 1.793196e-02 4.150000e-01 -5.300000e-01 -4.660322e-02 1.863334e-02
4.150000e-01 -5.300000e-01 -4.660322e-02 1.863334e-02 4.200000e-01 -5.250000e-01 -4.709901e-02 1.930813e-02
-5.450000e-01 -5.200000e-01 -2.094702e-02 -8.214350e-02 -5.500000e-01 -5.150000e-01 -2.134578e-02 -8.244695e-02
-5.400000e-01 -5.250000e-01 -2.066163e-02 -8.181977e-02 -5.450000e-01 -5.200000e-01 -2.094702e-02 -8.214350e-02
4.200000e-01 -5.250000e-01 -4.709901e-02 1.930813e-02 4.250000e-01 -5.200000e-01 -4.761870e-02 1.987062e-02
4.250000e-01 -5.200000e-01 -4.761870e-02 1.987062e-02 4.300000e-01 -5.150000e-01 -4.802615e-02 2.041178e-02
-5.550000e-01 -5.100000e-01 -2.176725e-02 -8.284087e-02 -5.600000e-01 -5.050000e-01 -2.230191e-02 -8.320964e-02
-5.500000e-01 -5.150000e-01 -2.134578e-02 -8.244695e-02 -5.550000e-01 -5.100000e-01 -2.176725e-02 -8.284087e-02
4.300000e-01 -5.150000e-01 -4.802615e-02 2.041178e-02 4.350000e-01 -5.100000e-01 -4.845214e-02 2.084034e-02
4.350000e-01 -5.100000e-01 -4.845214e-02 2.084034e-02 4.400000e-01 -5.050000e-01 -4.876351e-02 2.125304e-02
-5.600000e-01 -5.050000e-01 -2.230191e-02 -8.320964e-02 -5.600000e-01 -4.950000e-01 -1.696718e-02 -7.878732e-02
4.400000e-01 -5.050000e-01 -4.876351e-02 2.125304e-02 4.450000e-01 -5.000000e-01 -4.908841e-02 2.155590e-02
4.450000e-01 -5.000000e-01 -4.908841e-02 2.155590e-02 4.500000e-01 -4.950000e-01 -4.929619e-02 2.184570e-02
-5.650000e-01 -4.900000e-01 -1.755983e-02 -7.933032e-02 -5.700000e-01 -4.850000e-01 -1.826674e-02 -7.984047e-02
-5.600000e-01 -4.950000e-01 -1.696718e-02 -7.878732e-02 -5.650000e-01 -4.900000e-01 -1.755983e-02 -7.933032e-02
4.500000e-01 -4.950000e-01 -4.929619e-02 2.184570e-02 4.550000e-01 -4.900000e-01 -4.951148e-02 2.202321e-02
4.550000e-01 -4.900000e-01 -4.951148e-02 2.202321e-02 4.600000e-01 -4.850000e-01 -4.960898e-02 2.219863e-02
-5.700000e-01 -4.850000e-01 -1.826674e-02 -7.984047e-02 -5.700000e-01 -4.750000e-01 -1.299114e-02 -7.575212e-02
4.600000e-01 -4.850000e-01 -4.960898e-02 2.219863e-02 4.650000e-01 -4.800000e-01 -4.970798e-02 2.226021e-02
4.650000e-01 -4.800000e-01 -4.970798e-02 2.226021e-02 4.700000e-01 -4.750000e-01 -4.968747e-02 2.232256e-02
-5.750000e-01 -4.700000e-01 -1.377137e-02 -7.642806e-02 -5.800000e-01 -4.650000e-01 -1.466598e-02 -7.706359e-02
-5.700000e-01 -4.750000e-01 -1.299114e-02 -7.575212e-02 -5.750000e-01 -4.700000e-01 -1.377137e-02 -7.642806e-02
4.700000e-01 -4.750000e-01 -4.968747e-02 2.232256e-02 4.750000e-01 -4.700000e-01 -4.966345e-02 2.227497e-02
4.750000e-01 -4.700000e-01 -4.966345e-02 2.227497e-02 4.800000e-01 -4.650000e-01 -4.951902e-02 2.223370e-02
-5.850000e-01 -4.600000e-01 -1.560315e-02 -7.777753e-02 -5.900000e-01 -4.550000e-01 -1.665309e-02 -7.844682e-02
-5.800000e-01 -4.650000e-01 -1.466598e-02 -7.706359e-02 -5.850000e-01 -4.600000e-01 -1.560315e-02 -7.777753e-02
4.800000e-01 -4.650000e-01 -4.951902e-02 2.223370e-02 4.800000e-01 -4.550000e-01 -5.491771e-02 2.733336e-02
-5.900000e-01 -4.550000e-01 -1.665309e-02 -7.844682e-02 -5.900000e-01 -4.450000e-01 -1.155409e-02 -7.483507e-02
4.800000e-01 -4.550000e-01 -5.491771e-02 2.733336e-02 4.850000e-01 -4.500000e-01 -5.475219e-02 2.707447e-02
4.850000e-01 -4.500000e-01 -5.475219e-02 2.707447e-02 4.900000e-01 -4.450000e-01 -5.446352e-02 2.683049e-02
-5.950000e-01 -4.400000e-01 -1.270041e-02 -7.565132e-02 -6.000000e-01 -4.350000e-01 -1.395831e-02 -7.641589e-02
-5.900000e-01 -4.450000e-01 -1.155409e-02 -7.483507e-02 -5.950000e-01 -4.400000e-01 -1.270041e-02 -7.565132e-02
4.900000e-01 -4.450000e-01 -5.446352e-02 2.683049e-02 4.950000e-01 -4.400000e-01 -5.415714e-02 2.647942e-02
4.950000e-01 -4.400000e-01 -5.415714e-02 2.647942e-02 5.000000e-01 -4.350000e-01 -5.372787e-02 2.614877e-02
-6.000000e-01 -4.350000e-01 -1.395831e-02 -7.641589e-02 -6.000000e-01 -4.250000e-01 -8.982396e-03 -7.310589e-02
5.000000e-01 -4.350000e-01 -5.372787e-02 2.614877e-02 5.050000e-01 -4.300000e-01 -5.327546e-02 2.571369e-02
5.050000e-01 -4.300000e-01 -5.327546e-02 2.571369e-02 5.100000e-01 -4.250000e-01 -5.270075e-02 2.530445e-02
-6.000000e-01 -4.250000e-01 -8.982396e-03 -7.310589e-02 -6.000000e-01 -4.150000e-01 -4.033422e-03 -6.995694e-02
5.100000e-01 -4.250000e-01 -5.270075e-02 2.530445e-02 5.150000e-01 -4.200000e-01 -5.209766e-02 2.479376e-02
5.150000e-01 -4.200000e-01 -5.209766e-02 2.479376e-02 5.200000e-01 -4.150000e-01 -5.137340e-02 2.431407e-02
-6.050000e-01 -4.100000e-01 -5.461078e-03 -7.092068e-02 -6.100000e-01 -4.050000e-01 -6.998405e-03 -7.182315e-02
-6.000000e-01 -4.150000e-01 -4.033422e-03 -6.995694e-02 -6.050000e-01 -4.100000e-01 -5.461078e-03 -7.092068e-02
5.200000e-01 -4.150000e-01 -5.137340e-02 2.431407e-02 5.200000e-01 -4.050000e-01 -5.660592e-02 2.839080e-02
-6.100000e-01 -4.050000e-01 -6.998405e-03 -7.182315e-02 -6.100000e-01 -3.950000e-01 -2.206550e-03 -6.895675e-02
5.200000e-01 -4.050000e-01 -5.660592e-02 2.839080e-02 5.250000e-01 -4.000000e-01 -5.581114e-02 2.771506e-02
5.250000e-01 -4.000000e-01 -5.581114e-02 2.771506e-02 5.300000e-01 -3.950000e-01 -5.489519e-02 2.707879e-02
-6.150000e-01 -3.900000e-01 -3.872743e-03 -6.997599e-02 -6.200000e-01 -3.850000e-01 -5.645390e-03 -7.092784e-02
-6.100000e-01 -3.950000e-01 -2.206550e-03 -6.895675e-02 -6.150000e-01 -3.900000e-01 -3.872743e-03 -6.997599e-02
5.300000e-01 -3.950000e-01 -5.489519e-02 2.707879e-02 5.350000e-01 -3.900000e-01 -5.393734e-02 2.634852e-02
5.350000e-01 -3.900000e-01 -5.393734e-02 2.634852e-02 5.400000e-01 -3.850000e-01 -5.286034e-02 2.566244e-02
-6.200000e-01 -3.850000e-01 -5.645390e-03 -7.092784e-02 -6.200000e-01 -3.750000e-01 -1.033301e-03 -6.832403e-02
5.400000e-01 -3.850000e-01 -5.286034e-02 2.566244e-02 5.400000e-01 -3.750000e-01 -5.791875e-02 2.916610e-02
-6.200000e-01 -3.750000e-01 -1.033301e-03 -6.832403e-02 -6.200000e-01 -3.650000e-01 3.526156e-03 -6.587159e-02
5.400000e-01 -3.750000e-01 -5.791875e-02 2.916610e-02 5.450000e-01 -3.700000e-01 -5.674513e-02 2.830130e-02
5.450000e-01 -3.700000e-01 -5.674513e-02 2.830130e-02 5.500000e-01 -3.650000e-01 -5.545403e-02 2.748869e-02
-6.250000e-01 -3.600000e-01 1.539052e-03 -6.697159e-02 -6.300000e-01 -3.550000e-01 -5.499768e-04 -6.799621e-02
-6.200000e-01 -3.650000e-01 3.526156e-03 -6.587159e-02 -6.250000e-01 -3.600000e-01 1.539052e-03 -6.697159e-02
5.500000e-01 -3.650000e-01 -5.545403e-02 2.748869e-02 5.550000e-01 -3.600000e-01 -5.410857e-02 2.659179e-02
5.550000e-01 -3.600000e-01 -5.410857e-02 2.659179e-02 5.600000e-01 -3.550000e-01 -5.264837e-02 2.575125e-02
-6.300000e-01 -3.550000e-01 -5.499768e-04 -6.799621e-02 -6.300000e-01 -3.450000e-01 3.798838e-03 -6.577960e-02
5.600000e-01 -3.550000e-01 -5.264837e-02 2.575125e-02 5.600000e-01 -3.450000e-01 -5.746502e-02 2.872735e-02
-6.300000e-01 -3.450000e-01 3.798838e-03 -6.577960e-02 -6.300000e-01 -3.350000e-01 8.080418e-03 -6.370666e-02
5.600000e-01 -3.450000e-01 -5.746502e-02 2.872735e-02 5.650000e-01 -3.400000e-01 -5.588478e-02 2.772954e-02
5.650000e-01 -3.400000e-01 -5.588478e-02 2.772954e-02 5.700000e-01 -3.350000e-01 -5.419289e-02 2.679531e-02
-6.350000e-01 -3.300000e-01 5.754521e-03 -6.484582e-02 -6.400000e-01 -3.250000e-01 3.332601e-03 -6.590275e-02
-6.300000e-01 -3.350000e-01 8.080418e-03 -6.370666e-02 -6.350000e-01 -3.300000e-01 5.754521e-03 -6.484582e-02
5.700000e-01 -3.350000e-01 -5.419289e-02 2.679531e-02 5.700000e-01 -3.250000e-01 -5.884158e-02 2.942987e-02
-6.400000e-01 -3.250000e-01 3.332601e-03 -6.590275e-02 -6.400000e-01 -3.150000e-01 7.375345e-03 -6.403342e-02
5.700000e-01 -3.250000e-01 -5.884158e-02 2.942987e-02 5.750000e-01 -3.200000e-01 -5.701571e-02 2.835258e-02
5.750000e-01 -3.200000e-01 -5.701571e-02 2.835258e-02 5.800000e-01 -3.150000e-01 -5.508213e-02 2.734554e-02
-6.400000e-01 -3.150000e-01 7.375345e-03 -6.403342e-02 -6.400000e-01 -3.050000e-01 1.133655e-02 -6.229780e-02
5.800000e-01 -3.150000e-01 -5.508213e-02 2.734554e-02 5.800000e-01 -3.050000e-01 -5.953745e-02 2.965630e-02
-6.400000e-01 -3.050000e-01 1.133655e-02 -6.229780e-02 -6.400000e-01 -2.950000e-01 1.521169e-02 -6.069363e-02
5.800000e-01 -3.050000e-01 -5.953745e-02 2.965630e-02 5.850000e-01 -3.000000e-01 -5.745725e-02 2.852191e-02
5.850000e-01 -3.000000e-01 -5.745725e-02 2.852191e-02 5.900000e-01 -2.950000e-01 -5.527398e-02 2.746375e-02
-6.400000e-01 -2.950000e-01 1.521169e-02 -6.069363e-02 -6.400000e-01 -2.850000e-01 1.899599e-02 -5.921835e-02
5.900000e-01 -2.950000e-01 -5.527398e-02 2.746375e-02 5.900000e-01 -2.850000e-01 -5.951199e-02 2.947151e-02
-6.450000e-01 -2.800000e-01 1.613836e-02 -6.038792e-02 -6.500000e-01 -2.750000e-01 1.319501e-02 -6.146611e-02
-6.400000e-01 -2.850000e-01 1.899599e-02 -5.921835e-02 -6.450000e-01 -2.800000e-01 1.613836e-02 -6.038792e-02
5.900000e-01 -2.850000e-01 -5.951199e-02 2.947151e-02 5.950000e-01 -2.800000e-01 -5.717090e-02 2.830300e-02
5.950000e-01 -2.800000e-01 -5.717090e-02 2.830300e-02 6.000000e-01 -2.750000e-01 -5.473211e-02 2.721590e-02
-6.500000e-01 -2.750000e-01 1.319501e-02 -6.146611e-02 -6.500000e-01 -2.650000e-01 1.669941e-02 -6.013814e-02
6.000000e-01 -2.750000e-01 -5.473211e-02 2.721590e-02 6.000000e-01 -2.650000e-01 -5.873063e-02 2.894412e-02
-6.500000e-01 -2.650000e-01 1.669941e-02 -6.013814e-02 -6.500000e-01 -2.550000e-01 2.010039e-02 -5.892540e-02
6.000000e-01 -2.650000e-01 -5.873063e-02 2.894412e-02 6.050000e-01 -2.600000e-01 -5.612447e-02 2.776479e-02
6.050000e-01 -2.600000e-01 -5.612447e-02 2.776479e-02 6.100000e-01 -2.550000e-01 -5.342664e-02 2.667120e-02
-6.500000e-01 -2.550000e-01 2.010039e-02 -5.892540e-02 -6.500000e-01 -2.450000e-01 2.339373e-02 -5.782431e-02
6.100000e-01 -2.550000e-01 -5.342664e-02 2.667120e-02 6.100000e-01 -2.450000e-01 -5.716582e-02 2.814568e-02
-6.500000e-01 -2.450000e-01 2.339373e-02 -5.782431e-02 -6.500000e-01 -2.350000e-01 2.657501e-02 -5.683115e-02
6.100000e-01 -2.450000e-01 -5.716582e-02 2.814568e-02 6.150000e-01 -2.400000e-01 -5.429281e-02 2.697868e-02
6.150000e-01 -2.400000e-01 -5.429281e-02 2.697868e-02 6.200000e-01 -2.350000e-01 -5.133451e-02 2.590094e-02
-6.500000e-01 -2.350000e-01 2.657501e-02 -5.683115e-02 -6.500000e-01 -2.250000e-01 2.964017e-02 -5.594186e-02
6.200000e-01 -2.350000e-01 -5.133451e-02 2.590094e-02 6.200000e-01 -2.250000e-01 -5.479700e-02 2.714943e-02
-6.550000e-01 -2.200000e-01 2.612695e-02 -5.701925e-02 -6.600000e-01 -2.150000e-01 2.254328e-02 -5.799919e-02
-6.500000e-01 -2.250000e-01 2.964017e-02 -5.594186e-02 -6.550000e-01 -2.200000e-01 2.612695e-02 -5.701925e-02
6.200000e-01 -2.250000e-01 -5.479700e-02 2.714943e-02 6.250000e-01 -2.200000e-01 -5.165768e-02 2.601763e-02
6.250000e-01 -2.200000e-01 -5.165768e-02 2.601763e-02 6.300000e-01 -2.150000e-01 -4.843986e-02 2.497754e-02
-6.600000e-01 -2.150000e-01 2.254328e-02 -5.799919e-02 -6.600000e-01 -2.050000e-01 2.529415e-02 -5.717942e-02
6.300000e-01 -2.150000e-01 -4.843986e-02 2.497754e-02 6.300000e-01 -2.050000e-01 -5.161100e-02 2.602936e-02
-6.600000e-01 -2.050000e-01 2.529415e-02 -5.717942e-02 -6.600000e-01 -1.950000e-01 2.791777e-02 -5.644663e-02
-3.500000e-02 -2.000000e-01 9.378580e-02 3.642618e-01 -4.000000e-02 -1.950000e-01 1.082158e-01 3.599092e-01
-3.500000e-02 -2.000000e-01 9.378580e-02 3.642618e-01 -2.500000e-02 -2.000000e-01 7.109227e-02 3.701637e-01
-2.500000e-02 -2.000000e-01 7.109227e-02 3.701637e-01 -1.500000e-02 -2.000000e-01 4.784212e-02 3.749609e-01
-1.500000e-02 -2.000000e-01 4.784212e-02 3.749609e-01 -5.000000e-03 -2.000000e-01 2.423528e-02 3.785842e-01
-5.000000e-03 -2.000000e-01 2.423528e-02 3.785842e-01 5.000000e-03 -2.000000e-01 4.837770e-04 3.809878e-01
5.000000e-03 -2.000000e-01 4.837770e-04 3.809878e-01 1.500000e-02 -2.000000e-01 -2.319590e-02 3.821521e-01
1.500000e-02 -2.000000e-01 -2.319590e-02 3.821521e-01 2.500000e-02 -2.000000e-01 -4.659051e-02 3.820843e-01
2.500000e-02 -2.000000e-01 -4.659051e-02 3.820843e-01 3.500000e-02 -2.000000e-01 -6.949746e-02 3.808175e-01
3.500000e-02 -2.000000e-01 -6.949746e-02 3.808175e-01 4.500000e-02 -2.000000e-01 -9.173124e-02 3.784076e-01
4.500000e-02 -2.000000e-01 -9.173124e-02 3.784076e-01 5.500000e-02 -2.000000e-01 -1.131284e-01 3.749304e-01
5.500000e-02 -2.000000e-01 -1.131284e-01 3.749304e-01 6.500000e-02 -2.000000e-01 -1.335511e-01 3.704764e-01
6.500000e-02 -2.000000e-01 -1.335511e-01 3.704764e-01 7.000000e-02 -1.950000e-01 -1.458791e-01 3.672922e-01
6.300000e-01 -2.050000e-01 -5.161100e-02 2.602936e-02 6.300000e-01 -1.950000e-01 -5.466699e-02 2.693554e-02
-6.600000e-01 -1.950000e-01 2.791777e-02 -5.644663e-02 -6.600000e-01 -1.850000e-01 3.041240e-02 -5.579576e-02
-6.500000e-02 -1.900000e-01 1.660595e-01 3.373619e-01 -7.000000e-02 -1.850000e-01 1.807060e-01 3.302957e-01
-6.500000e-02 -1.900000e-01 1.660595e-01 3.373619e-01 -5.500000e-02 -1.900000e-01 1.452920e-01 3.464915e-01
-5.500000e-02 -1.900000e-01 1.452920e-01 3.464915e-01 -4.500000e-02 -1.900000e-01 1.233691e-01 3.548149e-01
-4.000000e-02 -1.950000e-01 1.082158e-01 3.599092e-01 -4.500000e-02 -1.900000e-01 1.233691e-01 3.548149e-01
7.000000e-02 -1.950000e-01 -1.458791e-01 3.672922e-01 7.500000e-02 -1.900000e-01 -1.587728e-01 3.634933e-01
7.500000e-02 -1.900000e-01 -1.587728e-01 3.634933e-01 8.500000e-02 -1.900000e-01 -1.776636e-01 3.570770e-01
8.500000e-02 -1.900000e-01 -1.776636e-01 3.570770e-01 9.000000e-02 -1.850000e-01 -1.899762e-01 3.522243e-01
6.300000e-01 -1.950000e-01 -5.466699e-02 2.693554e-02 6.350000e-01 -1.900000e-01 -5.116903e-02 2.584989e-02
6.350000e-01 -1.900000e-01 -5.116903e-02 2.584989e-02 6.400000e-01 -1.850000e-01 -4.760180e-02 2.485895e-02
-6.600000e-01 -1.850000e-01 3.041240e-02 -5.579576e-02 -6.600000e-01 -1.750000e-01 3.277614e-02 -5.522154e-02
-7.500000e-02 -1.800000e-01 1.959089e-01 3.223553e-01 -8.000000e-02 -1.750000e-01 2.106362e-01 3.138746e-01
-7.000000e-02 -1.850000e-01 1.807060e-01 3.302957e-01 -7.500000e-02 -1.800000e-01 1.959089e-01 3.223553e-01
9.000000e-02 -1.850000e-01 -1.899762e-01 3.522243e-01 9.500000e-02 -1.800000e-01 -2.027635e-01 3.466656e-01
9.500000e-02 -1.800000e-01 -2.027635e-01 3.466656e-01 1.050000e-01 -1.800000e-01 -2.194329e-01 3.386937e-01
1.050000e-01 -1.800000e-01 -2.194329e-01 3.386937e-01 1.100000e-01 -1.750000e-01 -2.312172e-01 3.323172e-01
6.400000e-01 -1.850000e-01 -4.760180e-02 2.485895e-02 6.400000e-01 -1.750000e-01 -5.034672e-02 2.561046e-02
-6.600000e-01 -1.750000e-01 3.277614e-02 -5.522154e-02 -6.600000e-01 -1.650000e-01 3.500273e-02 -5.471929e-02
-9.500000e-02 -1.700000e-01 2.432152e-01 2.928457e-01 -1.000000e-01 -1.650000e-01 2.570096e-01 2.827763e-01
-9.500000e-02 -1.700000e-01 2.432152e-01 2.928457e-01 -8.500000e-02 -1.700000e-01 2.258146e-01 3.044941e-01
-8.000000e-02 -1.750000e-01 2.106362e-01 3.138746e-01 -8.500000e-02 -1.700000e-01 2.258146e-01 3.044941e-01
1.100000e-01 -1.750000e-01 -2.312172e-01 3.323172e-01 1.150000e-01 -1.700000e-01 -2.433340e-01 3.251889e-01
1.150000e-01 -1.700000e-01 -2.433340e-01 3.251889e-01 1.250000e-01 -1.700000e-01 -2.572982e-01 3.161982e-01
1.250000e-01 -1.700000e-01 -2.572982e-01 3.161982e-01 1.300000e-01 -1.650000e-01 -2.681012e-01 3.085468e-01
6.400000e-01 -1.750000e-01 -5.034672e-02 2.561046e-02 6.400000e-01 -1.650000e-01 -5.296366e-02 2.623173e-02
-6.600000e-01 -1.650000e-01 3.500273e-02 -5.471929e-02 -6.600000e-01 -1.550000e-01 3.709074e-02 -5.428336e-02
-1.050000e-01 -1.600000e-01 2.710211e-01 2.718400e-01 -1.100000e-01 -1.550000e-01 2.841865e-01 2.607220e-01
-1.000000e-01 -1.650000e-01 2.570096e-01 2.827763e-01 -1.050000e-01 -1.600000e-01 2.710211e-01 2.718400e-01
1.300000e-01 -1.650000e-01 -2.681012e-01 3.085468e-01 1.350000e-01 -1.600000e-01 -2.790724e-01 3.001734e-01
1.350000e-01 -1.600000e-01 -2.790724e-01 3.001734e-01 1.400000e-01 -1.550000e-01 -2.893063e-01 2.917080e-01
6.400000e-01 -1.650000e-01 -5.296366e-02 2.623173e-02 6.450000e-01 -1.600000e-01 -4.911010e-02 2.523735e-02
6.450000e-01 -1.600000e-01 -4.911010e-02 2.523735e-02 6.500000e-01 -1.550000e-01 -4.519687e-02 2.433881e-02
-6.600000e-01 -1.550000e-01 3.709074e-02 -5.428336e-02 -6.600000e-01 -1.450000e-01 3.903743e-02 -5.390823e-02
-1.150000e-01 -1.500000e-01 2.974202e-01 2.487417e-01 -1.200000e-01 -1.450000e-01 3.097097e-01 2.367714e-01
-1.100000e-01 -1.550000e-01 2.841865e-01 2.607220e-01 -1.150000e-01 -1.500000e-01 2.974202e-01 2.487417e-01
1.400000e-01 -1.550000e-01 -2.893063e-01 2.917080e-01 1.450000e-01 -1.500000e-01 -2.995903e-01 2.824697e-01
1.450000e-01 -1.500000e-01 -2.995903e-01 2.824697e-01 1.500000e-01 -1.450000e-01 -3.090884e-01 2.732547e-01
6.500000e-01 -1.550000e-01 -4.519687e-02 2.433881e-02 6.500000e-01 -1.450000e-01 -4.748873e-02 2.484998e-02
-6.600000e-01 -1.450000e-01 3.903743e-02 -5.390823e-02 -6.600000e-01 -1.350000e-01 4.084000e-02 -5.358821e-02
-1.250000e-01 -1.400000e-01 3.219093e-01 2.240155e-01 -1.300000e-01 -1.350000e-01 3.331155e-01 2.114247e-01
-1.200000e-01 -1.450000e-01 3.097097e-01 2.367714e-01 -1.250000e-01 -1.400000e-01 3.219093e-01 2.240155e-01
1.500000e-01 -1.450000e-01 -3.090884e-01 2.732547e-01 1.550000e-01 -1.400000e-01 -3.185387e-01 2.633769e-01
1.550000e-01 -1.400000e-01 -3.185387e-01 2.633769e-01 1.600000e-01 -1.350000e-01 -3.271710e-01 2.535781e-01
6.500000e-01 -1.450000e-01 -4.748873e-02 2.484998e-02 6.500000e-01 -1.350000e-01 -4.964206e-02 2.524825e-02
-6.600000e-01 -1.350000e-01 4.084000e-02 -5.358821e-02 -6.600000e-01 -1.250000e-01 4.249617e-02 -5.331741e-02
-1.350000e-01 -1.300000e-01 3.440831e-01 1.981575e-01 -1.400000e-01 -1.250000e-01 3.540506e-01 1.851953e-01
-1.300000e-01 -1.350000e-01 3.331155e-01 2.114247e-01 -1.350000e-01 -1.300000e-01 3.440831e-01 1.981575e-01
1.600000e-01 -1.350000e-01 -3.271710e-01 2.535781e-01 1.650000e-01 -1.300000e-01 -3.356450e-01 2.431506e-01
1.650000e-01 -1.300000e-01 -3.356450e-01 2.431506e-01 1.700000e-01 -1.250000e-01 -3.433085e-01 2.329301e-01
6.500000e-01 -1.350000e-01 -4.964206e-02 2.524825e-02 6.550000e-01 -1.300000e-01 -4.544196e-02 2.438825e-02
6.550000e-01 -1.300000e-01 -4.544196e-02 2.438825e-02 6.600000e-01 -1.250000e-01 -4.119184e-02 2.362335e-02
-6.600000e-01 -1.250000e-01 4.249617e-02 -5.331741e-02 -6.600000e-01 -1.150000e-01 4.400381e-02 -5.308989e-02
-1.400000e-01 -1.250000e-01 3.540506e-01 1.851953e-01 -1.400000e-01 -1.150000e-01 3.652457e-01 1.693693e-01
1.700000e-01 -1.250000e-01 -3.433085e-01 2.329301e-01 1.700000e-01 -1.150000e-01 -3.520739e-01 2.201502e-01
6.600000e-01 -1.250000e-01 -4.119184e-02 2.362335e-02 6.600000e-01 -1.150000e-01 -4.301217e-02 2.395737e-02
-6.600000e-01 -1.150000e-01 4.400381e-02 -5.308989e-02 -6.600000e-01 -1.050000e-01 4.536089e-02 -5.289956e-02
-1.450000e-01 -1.100000e-01 3.743949e-01 1.553859e-01 -1.500000e-01 -1.050000e-01 3.825598e-01 1.419023e-01
-1.400000e-01 -1.150000e-01 3.652457e-01 1.693693e-01 -1.450000e-01 -1.100000e-01 3.743949e-01 1.553859e-01
1.700000e-01 -1.150000e-01 -3.520739e-01 2.201502e-01 1.750000e-01 -1.100000e-01 -3.591655e-01 2.088639e-01
1.750000e-01 -1.100000e-01 -3.591655e-01 2.088639e-01 1.800000e-01 -1.050000e-01 -3.654576e-01 1.979355e-01
6.600000e-01 -1.150000e-01 -4.301217e-02 2.395737e-02 6.600000e-01 -1.050000e-01 -4.468575e-02 2.419740e-02
-6.600000e-01 -1.050000e-01 4.536089e-02 -5.289956e-02 -6.600000e-01 -9.500000e-02 4.656568e-02 -5.274022e-02
-1.500000e-01 -1.050000e-01 3.825598e-01 1.419023e-01 -1.500000e-01 -9.500000e-02 3.922852e-01 1.240138e-01
1.800000e-01 -1.050000e-01 -3.654576e-01 1.979355e-01 1.800000e-01 -9.500000e-02 -3.731239e-01 1.829177e-01
6.600000e-01 -1.050000e-01 -4.468575e-02 2.419740e-02 6.650000e-01 -1.000000e-01 -4.015382e-02 2.351160e-02
6.650000e-01 -1.000000e-01 -4.015382e-02 2.351160e-02 6.700000e-01 -9.500000e-02 -3.558131e-02 2.291833e-02
-6.600000e-01 -9.500000e-02 4.656568e-02 -5.274022e-02 -6.600000e-01 -8.500000e-02 4.761681e-02 -5.260561e-02
-1.550000e-01 -9.000000e-02 3.993011e-01 1.099913e-01 -1.600000e-01 -8.500000e-02 4.054260e-01 9.659999e-02
-1.500000e-01 -9.500000e-02 3.922852e-01 1.240138e-01 -1.550000e-01 -9.000000e-02 3.993011e-01 1.099913e-01
1.800000e-01 -9.500000e-02 -3.731239e-01 1.829177e-01 1.850000e-01 -9.000000e-02 -3.785710e-01 1.712307e-01
1.850000e-01 -9.000000e-02 -3.785710e-01 1.712307e-01 1.900000e-01 -8.500000e-02 -3.832825e-01 1.600200e-01
6.700000e-01 -9.500000e-02 -3.558131e-02 2.291833e-02 6.700000e-01 -8.500000e-02 -3.692015e-02 2.313987e-02
-6.600000e-01 -8.500000e-02 4.761681e-02 -5.260561e-02 -6.600000e-01 -7.500000e-02 4.851302e-02 -5.248938e-02
-1.600000e-01 -8.500000e-02 4.054260e-01 9.659999e-02 -1.600000e-01 -7.500000e-02 4.131610e-01 7.741665e-02
1.900000e-01 -8.500000e-02 -3.832825e-01 1.600200e-01 1.900000e-01 -7.500000e-02 -3.893908e-01 1.432420e-01
6.700000e-01 -8.500000e-02 -3.692015e-02 2.313987e-02 6.700000e-01 -7.500000e-02 -3.810664e-02 2.328727e-02
-6.600000e-01 -7.500000e-02 4.851302e-02 -5.248938e-02 -6.600000e-01 -6.500000e-02 4.925331e-02 -5.238516e-02
-1.650000e-01 -7.000000e-02 4.179563e-01 6.401026e-02 -1.700000e-01 -6.500000e-02 4.220013e-01 5.128553e-02
-1.600000e-01 -7.500000e-02 4.131610e-01 7.741665e-02 -1.650000e-01 -7.000000e-02 4.179563e-01 6.401026e-02
1.900000e-01 -7.500000e-02 -3.893908e-01 1.432420e-01 1.950000e-01 -7.000000e-02 -3.930708e-01 1.316567e-01
1.950000e-01 -7.000000e-02 -3.930708e-01 1.316567e-01 2.000000e-01 -6.500000e-02 -3.961170e-01 1.206146e-01
6.700000e-01 -7.500000e-02 -3.810664e-02 2.328727e-02 6.700000e-01 -6.500000e-02 -3.914006e-02 2.336614e-02
-6.600000e-01 -6.500000e-02 4.925331e-02 -5.238516e-02 -6.600000e-01 -5.500000e-02 4.983708e-02 -5.228653e-02
-1.700000e-01 -6.500000e-02 4.220013e-01 5.128553e-02 -1.700000e-01 -5.500000e-02 4.274598e-01 3.164574e-02
2.000000e-01 -6.500000e-02 -3.961170e-01 1.206146e-01 2.000000e-01 -5.500000e-02 -4.003455e-01 1.026923e-01
6.700000e-01 -6.500000e-02 -3.914006e-02 2.336614e-02 6.700000e-01 -5.500000e-02 -4.001446e-02 2.338319e-02
-6.600000e-01 -5.500000e-02 4.983708e-02 -5.228653e-02 -6.550000e-01 -5.000000e-02 5.546901e-02 -5.202347e-02
-6.550000e-01 -5.000000e-02 5.546901e-02 -5.202347e-02 -6.500000e-01 -4.500000e-02 6.109021e-02 -5.183211e-02
-1.700000e-01 -5.500000e-02 4.274598e-01 3.164574e-02 -1.700000e-01 -4.500000e-02 4.319068e-01 1.156400e-02
2.000000e-01 -5.500000e-02 -4.003455e-01 1.026923e-01 2.000000e-01 -4.500000e-02 -4.036618e-01 8.397892e-02
6.700000e-01 -5.500000e-02 -4.001446e-02 2.338319e-02 6.750000e-01 -5.000000e-02 -3.499289e-02 2.300633e-02
6.750000e-01 -5.000000e-02 -3.499289e-02 2.300633e-02 6.800000e-01 -4.500000e-02 -2.994461e-02 2.271584e-02
-6.500000e-01 -4.500000e-02 6.109021e-02 -5.183211e-02 -6.500000e-01 -3.500000e-02 6.137136e-02 -5.188465e-02
-1.700000e-01 -4.500000e-02 4.319068e-01 1.156400e-02 -1.700000e-01 -3.500000e-02 4.352878e-01 -8.808648e-03
2.000000e-01 -4.500000e-02 -4.036618e-01 8.397892e-02 2.000000e-01 -3.500000e-02 -4.059912e-01 6.458892e-02
6.800000e-01 -4.500000e-02 -2.994461e-02 2.271584e-02 6.800000e-01 -3.500000e-02 -3.048820e-02 2.278744e-02
-6.500000e-01 -3.500000e-02 6.137136e-02 -5.188465e-02 -6.500000e-01 -2.500000e-02 6.149117e-02 -5.192329e-02
-1.700000e-01 -3.500000e-02 4.352878e-01 -8.808648e-03 -1.700000e-01 -2.500000e-02 4.375661e-01 -2.931276e-02
2.000000e-01 -3.500000e-02 -4.059912e-01 6.458892e-02 2.000000e-01 -2.500000e-02 -4.072720e-01 4.465423e-02
6.800000e-01 -3.500000e-02 -3.048820e-02 2.278744e-02 6.800000e-01 -2.500000e-02 -3.087337e-02 2.281760e-02
-6.500000e-01 -2.500000e-02 6.149117e-02 -5.192329e-02 -6.500000e-01 -1.500000e-02 6.145010e-02 -5.194139e-02
-1.700000e-01 -2.500000e-02 4.375661e-01 -2.931276e-02 -1.700000e-01 -1.500000e-02 4.387239e-01 -4.978493e-02
2.000000e-01 -2.500000e-02 -4.072720e-01 4.465423e-02 2.000000e-01 -1.500000e-02 -4.074578e-01 2.432196e-02
6.800000e-01 -2.500000e-02 -3.087337e-02 2.281760e-02 6.800000e-01 -1.500000e-02 -3.110046e-02 2.281246e-02
-6.500000e-01 -1.500000e-02 6.145010e-02 -5.194139e-02 -6.500000e-01 -5.000000e-03 6.124864e-02 -5.193237e-02
-1.700000e-01 -1.500000e-02 4.387239e-01 -4.978493e-02 -1.700000e-01 -5.000000e-03 4.387638e-01 -7.006246e-02
2.000000e-01 -1.500000e-02 -4.074578e-01 2.432196e-02 2.000000e-01 -5.000000e-03 -4.065204e-01 3.750793e-03
6.800000e-01 -1.500000e-02 -3.110046e-02 2.281246e-02 6.800000e-01 -5.000000e-03 -3.116525e-02 2.277911e-02
-6.500000e-01 -5.000000e-03 6.124864e-02 -5.193237e-02 -6.500000e-01 5.000000e-03 6.088779e-02 -5.188974e-02
-1.700000e-01 -5.000000e-03 4.387638e-01 -7.006246e-02 -1.700000e-01 5.000000e-03 4.377080e-01 -8.998806e-02
2.000000e-01 -5.000000e-03 -4.065204e-01 3.750793e-03 2.000000e-01 5.000000e-03 -4.044521e-01 -1.689345e-02
6.800000e-01 -5.000000e-03 -3.116525e-02 2.277911e-02 6.800000e-01 5.000000e-03 -3.106869e-02 2.272388e-02
-6.500000e-01 5.000000e-03 6.088779e-02 -5.188974e-02 -6.500000e-01 1.500000e-02 6.036869e-02 -5.180709e-02
-1.700000e-01 5.000000e-03 4.377080e-01 -8.998806e-02 -1.700000e-01 1.500000e-02 4.355967e-01 -1.094141e-01
2.000000e-01 5.000000e-03 -4.044521e-01 -1.689345e-02 2.000000e-01 1.500000e-02 -4.012657e-01 -3.744272e-02
6.800000e-01 5.000000e-03 -3.106869e-02 2.272388e-02 6.850000e-01 1.000000e-02 -2.553576e-02 2.281779e-02
6.850000e-01 1.000000e-02 -2.553576e-02 2.281779e-02 6.900000e-01 1.500000e-02 -1.998979e-02 2.298613e-02
-6.500000e-01 1.500000e-02 6.036869e-02 -5.180709e-02 -6.450000e-01 2.000000e-02 6.543473e-02 -5.208048e-02
-6.450000e-01 2.000000e-02 6.543473e-02 -5.208048e-02 -6.400000e-01 2.500000e-02 7.047449e-02 -5.243980e-02
-1.700000e-01 1.500000e-02 4.355967e-01 -1.094141e-01 -1.700000e-01 2.500000e-02 4.324864e-01 -1.282064e-01
2.000000e-01 1.500000e-02 -4.012657e-01 -3.744272e-02 2.000000e-01 2.500000e-02 -3.969945e-01 -5.773180e-02
6.900000e-01 1.500000e-02 -1.998979e-02 2.298613e-02 6.900000e-01 2.500000e-02 -1.958471e-02 2.306697e-02
-6.400000e-01 2.500000e-02 7.047449e-02 -5.243980e-02 -6.400000e-01 3.500000e-02 6.962560e-02 -5.241458e-02
-1.700000e-01 2.500000e-02 4.324864e-01 -1.282064e-01 -1.700000e-01 3.500000e-02 4.284471e-01 -1.462468e-01
2.000000e-01 2.500000e-02 -3.969945e-01 -5.773180e-02 2.000000e-01 3.500000e-02 -3.916904e-01 -7.760316e-02
6.900000e-01 2.500000e-02 -1.958471e-02 2.306697e-02 6.900000e-01 3.500000e-02 -1.902205e-02 2.314580e-02
-6.400000e-01 3.500000e-02 6.962560e-02 -5.241458e-02 -6.400000e-01 4.500000e-02 6.861948e-02 -5.232875e-02
-1.700000e-01 3.500000e-02 4.284471e-01 -1.462468e-01 -1.650000e-01 4.000000e-02 4.255429e-01 -1.572808e-01
-1.650000e-01 4.000000e-02 4.255429e-01 -1.572808e-01 -1.600000e-01 4.500000e-02 4.220123e-01 -1.688664e-01
1.950000e-01 4.000000e-02 -3.877246e-01 -9.038644e-02 1.900000e-01 4.500000e-02 -3.830127e-01 -1.038615e-01
2.000000e-01 3.500000e-02 -3.916904e-01 -7.760316e-02 1.950000e-01 4.000000e-02 -3.877246e-01 -9.038644e-02
6.900000e-01 3.500000e-02 -1.902205e-02 2.314580e-02 6.900000e-01 4.500000e-02 -1.830226e-02 2.322911e-02
-6.400000e-01 4.500000e-02 6.861948e-02 -5.232875e-02 -6.400000e-01 5.500000e-02 6.745838e-02 -5.217624e-02
-1.600000e-01 4.500000e-02 4.220123e-01 -1.688664e-01 -1.600000e-01 5.500000e-02 4.160527e-01 -1.858509e-01
1.900000e-01 4.500000e-02 -3.830127e-01 -1.038615e-01 1.900000e-01 5.500000e-02 -3.753881e-01 -1.233286e-01
6.900000e-01 4.500000e-02 -1.830226e-02 2.322911e-02 6.900000e-01 5.500000e-02 -1.742595e-02 2.332337e-02
-6.400000e-01 5.500000e-02 6.745838e-02 -5.217624e-02 -6.350000e-01 6.000000e-02 7.214182e-02 -5.272028e-02
-6.350000e-01 6.000000e-02 7.214182e-02 -5.272028e-02 -6.300000e-01 6.500000e-02 7.678782e-02 -5.335618e-02
-1.600000e-01 5.500000e-02 4.160527e-01 -1.858509e-01 -1.550000e-01 6.000000e-02 4.114658e-01 -1.971160e-01
-1.550000e-01 6.000000e-02 4.114658e-01 -1.971160e-01 -1.500000e-01 6.500000e-02 4.061451e-01 -2.088735e-01
1.900000e-01 5.500000e-02 -3.753881e-01 -1.233286e-01 1.900000e-01 6.500000e-02 -3.669521e-01 -1.418881e-01
6.900000e-01 5.500000e-02 -1.742595e-02 2.332337e-02 6.900000e-01 6.500000e-02 -1.639396e-02 2.343502e-02
-6.300000e-01 6.500000e-02 7.678782e-02 -5.335618e-02 -6.300000e-01 7.500000e-02 7.529014e-02 -5.320281e-02
-1.500000e-01 6.500000e-02 4.061451e-01 -2.088735e-01 -1.500000e-01 7.500000e-02 3.985655e-01 -2.241660e-01
1.850000e-01 7.000000e-02 -3.602803e-01 -1.552278e-01 1.800000e-01 7.500000e-02 -3.527013e-01 -1.691514e-01
1.900000e-01 6.500000e-02 -3.669521e-01 -1.418881e-01 1.850000e-01 7.000000e-02 -3.602803e-01 -1.552278e-01
6.900000e-01 6.500000e-02 -1.639396e-02 2.343502e-02 6.900000e-01 7.500000e-02 -1.520765e-02 2.357047e-02
-6.300000e-01 7.500000e-02 7.529014e-02 -5.320281e-02 -6.300000e-01 8.500000e-02 7.364213e-02 -5.296249e-02
-1.500000e-01 7.500000e-02 3.985655e-01 -2.241660e-01 -1.450000e-01 8.000000e-02 3.923623e-01 -2.352068e-01
-1.450000e-01 8.000000e-02 3.923623e-01 -2.352068e-01 -1.400000e-01 8.500000e-02 3.853536e-01 -2.466258e-01
1.800000e-01 7.500000e-02 -3.527013e-01 -1.691514e-01 1.800000e-01 8.500000e-02 -3.424643e-01 -1.861498e-01
6.900000e-01 7.500000e-02 -1.520765e-02 2.357047e-02 6.900000e-01 8.500000e-02 -1.386827e-02 2.373604e-02
-6.300000e-01 8.500000e-02 7.364213e-02 -5.296249e-02 -6.300000e-01 9.500000e-02 7.184696e-02 -5.262971e-02
-1.400000e-01 8.500000e-02 3.853536e-01 -2.466258e-01 -1.400000e-01 9.500000e-02 3.766048e-01 -2.597148e-01
1.750000e-01 9.000000e-02 -3.338541e-01 -1.993654e-01 1.700000e-01 9.500000e-02 -3.242704e-01 -2.130122e-01
1.800000e-01 8.500000e-02 -3.424643e-01 -1.861498e-01 1.750000e-01 9.000000e-02 -3.338541e-01 -1.993654e-01
6.900000e-01 8.500000e-02 -1.386827e-02 2.373604e-02 6.900000e-01 9.500000e-02 -1.237756e-02 2.393799e-02
-6.300000e-01 9.500000e-02 7.184696e-02 -5.262971e-02 -6.250000e-01 1.000000e-01 7.611835e-02 -5.338364e-02
-6.250000e-01 1.000000e-01 7.611835e-02 -5.338364e-02 -6.200000e-01 1.050000e-01 8.034039e-02 -5.423257e-02
-1.400000e-01 9.500000e-02 3.766048e-01 -2.597148e-01 -1.350000e-01 1.000000e-01 3.689830e-01 -2.700895e-01
-1.350000e-01 1.000000e-01 3.689830e-01 -2.700895e-01 -1.300000e-01 1.050000e-01 3.605374e-01 -2.806910e-01
1.650000e-01 1.000000e-01 -3.143097e-01 -2.261130e-01 1.600000e-01 1.050000e-01 -3.033438e-01 -2.395283e-01
1.700000e-01 9.500000e-02 -3.242704e-01 -2.130122e-01 1.650000e-01 1.000000e-01 -3.143097e-01 -2.261130e-01
6.900000e-01 9.500000e-02 -1.237756e-02 2.393799e-02 6.900000e-01 1.050000e-01 -1.073754e-02 2.418248e-02
-6.200000e-01 1.050000e-01 8.034039e-02 -5.423257e-02 -6.200000e-01 1.150000e-01 7.820988e-02 -5.383937e-02
-1.300000e-01 1.050000e-01 3.605374e-01 -2.806910e-01 -1.250000e-01 1.100000e-01 3.519144e-01 -2.906658e-01
-1.250000e-01 1.100000e-01 3.519144e-01 -2.906658e-01 -1.200000e-01 1.150000e-01 3.424607e-01 -3.007641e-01
1.550000e-01 1.100000e-01 -2.921309e-01 -2.522607e-01 1.500000e-01 1.150000e-01 -2.799189e-01 -2.651655e-01
1.600000e-01 1.050000e-01 -3.033438e-01 -2.395283e-01 1.550000e-01 1.100000e-01 -2.921309e-01 -2.522607e-01
6.900000e-01 1.050000e-01 -1.073754e-02 2.418248e-02 6.900000e-01 1.150000e-01 -8.950171e-03 2.447555e-02
-6.200000e-01 1.150000e-01 7.820988e-02 -5.383937e-02 -6.200000e-01 1.250000e-01 7.594014e-02 -5.333476e-02
-1.200000e-01 1.150000e-01 3.424607e-01 -3.007641e-01 -1.150000e-01 1.200000e-01 3.329383e-01 -3.101683e-01
-1.150000e-01 1.200000e-01 3.329383e-01 -3.101683e-01 -1.100000e-01 1.250000e-01 3.226060e-01 -3.195846e-01
1.450000e-01 1.200000e-01 -2.676110e-01 -2.772750e-01 1.400000e-01 1.250000e-01 -2.543537e-01 -2.893995e-01
1.500000e-01 1.150000e-01 -2.799189e-01 -2.651655e-01 1.450000e-01 1.200000e-01 -2.676110e-01 -2.772750e-01
6.900000e-01 1.150000e-01 -8.950171e-03 2.447555e-02 6.900000e-01 1.250000e-01 -7.016478e-03 2.482337e-02
-6.200000e-01 1.250000e-01 7.594014e-02 -5.333476e-02 -6.150000e-01 1.300000e-01 7.987536e-02 -5.422532e-02
-6.150000e-01 1.300000e-01 7.987536e-02 -5.422532e-02 -6.100000e-01 1.350000e-01 8.375157e-02 -5.521177e-02
-1.100000e-01 1.250000e-01 3.226060e-01 -3.195846e-01 -1.050000e-01 1.300000e-01 3.123195e-01 -3.282636e-01
-1.050000e-01 1.300000e-01 3.123195e-01 -3.282636e-01 -1.000000e-01 1.350000e-01 3.012718e-01 -3.368382e-01
1.350000e-01 1.300000e-01 -2.411610e-01 -3.006504e-01 1.300000e-01 1.350000e-01 -2.271119e-01 -3.117561e-01
1.400000e-01 1.250000e-01 -2.543537e-01 -2.893995e-01 1.350000e-01 1.300000e-01 -2.411610e-01 -3.006504e-01
6.900000e-01 1.250000e-01 -7.016478e-03 2.482337e-02 6.900000e-01 1.350000e-01 -4.941998e-03 2.523119e-02
-6.100000e-01 1.350000e-01 8.375157e-02 -5.521177e-02 -6.100000e-01 1.450000e-01 8.115800e-02 -5.460022e-02
-1.000000e-01 1.350000e-01 3.012718e-01 -3.368382e-01 -9.500000e-02 1.400000e-01 2.903823e-01 -3.446575e-01
-9.500000e-02 1.400000e-01 2.903823e-01 -3.446575e-01 -8.500000e-02 1.400000e-01 2.763431e-01 -3.537770e-01
-8.500000e-02 1.400000e-01 2.763431e-01 -3.537770e-01 -8.000000e-02 1.450000e-01 2.641060e-01 -3.610989e-01
1.250000e-01 1.400000e-01 -2.132837e-01 -3.219491e-01 1.200000e-01 1.450000e-01 -1.987289e-01 -3.318476e-01
1.300000e-01 1.350000e-01 -2.271119e-01 -3.117561e-01 1.250000e-01 1.400000e-01 -2.132837e-01 -3.219491e-01
6.900000e-01 1.350000e-01 -4.941998e-03 2.523119e-02 6.900000e-01 1.450000e-01 -2.728043e-03 2.570492e-02
-6.100000e-01 1.450000e-01 8.115800e-02 -5.460022e-02 -6.100000e-01 1.550000e-01 7.843573e-02 -5.385976e-02
-8.000000e-02 1.450000e-01 2.641060e-01 -3.610989e-01 -7.500000e-02 1.500000e-01 2.522027e-01 -3.676507e-01
-7.500000e-02 1.500000e-01 2.522027e-01 -3.676507e-01 -7.000000e-02 1.550000e-01 2.397547e-01 -3.738242e-01
1.050000e-01 1.500000e-01 -1.658664e-01 -3.517060e-01 1.000000e-01 1.550000e-01 -1.506175e-01 -3.597589e-01
1.050000e-01 1.500000e-01 -1.658664e-01 -3.517060e-01 1.150000e-01 1.500000e-01 -1.845348e-01 -3.408335e-01
1.200000e-01 1.450000e-01 -1.987289e-01 -3.318476e-01 1.150000e-01 1.500000e-01 -1.845348e-01 -3.408335e-01
6.900000e-01 1.450000e-01 -2.728043e-03 2.570492e-02 6.900000e-01 1.550000e-01 -3.775930e-04 2.624997e-02
-6.100000e-01 1.550000e-01 7.843573e-02 -5.385976e-02 -6.050000e-01 1.600000e-01 8.202519e-02 -5.484599e-02
-6.050000e-01 1.600000e-01 8.202519e-02 -5.484599e-02 -6.000000e-01 1.650000e-01 8.554592e-02 -5.592715e-02
-7.000000e-02 1.550000e-01 2.397547e-01 -3.738242e-01 -6.500000e-02 1.600000e-01 2.277229e-01 -3.792722e-01
-6.500000e-02 1.600000e-01 2.277229e-01 -3.792722e-01 -5.500000e-02 1.600000e-01 2.100151e-01 -3.864680e-01
-5.500000e-02 1.600000e-01 2.100151e-01 -3.864680e-01 -4.500000e-02 1.600000e-01 1.909476e-01 -3.929915e-01
-4.500000e-02 1.600000e-01 1.909476e-01 -3.929915e-01 -4.000000e-02 1.650000e-01 1.779102e-01 -3.969162e-01
7.500000e-02 1.600000e-01 -9.311413e-02 -3.844592e-01 7.000000e-02 1.650000e-01 -7.790100e-02 -3.896505e-01
7.500000e-02 1.600000e-01 -9.311413e-02 -3.844592e-01 8.500000e-02 1.600000e-01 -1.151026e-01 -3.760965e-01
8.500000e-02 1.600000e-01 -1.151026e-01 -3.760965e-01 9.500000e-02 1.600000e-01 -1.359259e-01 -3.669260e-01
1.000000e-01 1.550000e-01 -1.506175e-01 -3.597589e-01 9.500000e-02 1.600000e-01 -1.359259e-01 -3.669260e-01
6.900000e-01 1.550000e-01 -3.775930e-04 2.624997e-02 6.900000e-01 1.650000e-01 2.107623e-03 2.687188e-02
-6.000000e-01 1.650000e-01 8.554592e-02 -5.592715e-02 -6.000000e-01 1.750000e-01 8.251121e-02 -5.503541e-02
-4.000000e-02 1.650000e-01 1.779102e-01 -3.969162e-01 -3.500000e-02 1.700000e-01 1.654496e-01 -4.002115e-01
-3.500000e-02 1.700000e-01 1.654496e-01 -4.002115e-01 -2.500000e-02 1.700000e-01 1.448396e-01 -4.047374e-01
-2.500000e-02 1.700000e-01 1.448396e-01 -4.047374e-01 -1.500000e-02 1.700000e-01 1.232518e-01 -4.082707e-01
-1.500000e-02 1.700000e-01 1.232518e-01 -4.082707e-01 -5.000000e-03 1.700000e-01 1.008296e-01 -4.107202e-01
-5.000000e-03 1.700000e-01 1.008296e-01 -4.107202e-01 5.000000e-03 1.700000e-01 7.774132e-02 -4.120104e-01
5.000000e-03 1.700000e-01 7.774132e-02 -4.120104e-01 1.500000e-02 1.700000e-01 5.417748e-02 -4.120898e-01
1.500000e-02 1.700000e-01 5.417748e-02 -4.120898e-01 2.500000e-02 1.700000e-01 3.034314e-02 -4.109232e-01
2.500000e-02 1.700000e-01 3.034314e-02 -4.109232e-01 3.500000e-02 1.700000e-01 6.452966e-03 -4.085030e-01
3.500000e-02 1.700000e-01 6.452966e-03 -4.085030e-01 4.500000e-02 1.700000e-01 -1.727574e-02 -4.048548e-01
4.500000e-02 1.700000e-01 -1.727574e-02 -4.048548e-01 5.500000e-02 1.700000e-01 -4.063086e-02 -4.000264e-01
5.500000e-02 1.700000e-01 -4.063086e-02 -4.000264e-01 6.500000e-02 1.700000e-01 -6.341401e-02 -3.940894e-01
7.000000e-02 1.650000e-01 -7.790100e-02 -3.896505e-01 6.500000e-02 1.700000e-01 -6.341401e-02 -3.940894e-01
6.900000e-01 1.650000e-01 2.107623e-03 2.687188e-02 6.900000e-01 1.750000e-01 4.721346e-03 2.757521e-02
-6.000000e-01 1.750000e-01 8.251121e-02 -5.503541e-02 -6.000000e-01 1.850000e-01 7.936039e-02 -5.399922e-02
6.900000e-01 1.750000e-01 4.721346e-03 2.757521e-02 6.900000e-01 1.850000e-01 7.461491e-03 2.836510e-02
-6.000000e-01 1.850000e-01 7.936039e-02 -5.399922e-02 -5.950000e-01 1.900000e-01 8.260015e-02 -5.503800e-02
-5.950000e-01 1.900000e-01 8.260015e-02 -5.503800e-02 -5.900000e-01 1.950000e-01 8.576194e-02 -5.616888e-02
6.900000e-01 1.850000e-01 7.461491e-03 2.836510e-02 6.900000e-01 1.950000e-01 1.032454e-02 2.924619e-02
-5.900000e-01 1.950000e-01 8.576194e-02 -5.616888e-02 -5.900000e-01 2.050000e-01 8.231798e-02 -5.493913e-02
6.850000e-01 2.000000e-01 6.832299e-03 2.824382e-02 6.800000e-01 2.050000e-01 3.412657e-03 2.714451e-02
6.900000e-01 1.950000e-01 1.032454e-02 2.924619e-02 6.850000e-01 2.000000e-01 6.832299e-03 2.824382e-02
-5.900000e-01 2.050000e-01 8.231798e-02 -5.493913e-02 -5.850000e-01 2.100000e-01 8.529786e-02 -5.601803e-02
-5.850000e-01 2.100000e-01 8.529786e-02 -5.601803e-02 -5.800000e-01 2.150000e-01 8.819298e-02 -5.718664e-02
6.800000e-01 2.050000e-01 3.412657e-03 2.714451e-02 6.800000e-01 2.150000e-01 6.587498e-03 2.810710e-02
-5.800000e-01 2.150000e-01 8.819298e-02 -5.718664e-02 -5.800000e-01 2.250000e-01 8.447014e-02 -5.573385e-02
6.800000e-01 2.150000e-01 6.587498e-03 2.810710e-02 6.800000e-01 2.250000e-01 9.875171e-03 2.917770e-02
-5.800000e-01 2.250000e-01 8.447014e-02 -5.573385e-02 -5.750000e-01 2.300000e-01 8.718901e-02 -5.683102e-02
-5.750000e-01 2.300000e-01 8.718901e-02 -5.683102e-02 -5.700000e-01 2.350000e-01 8.981650e-02 -5.801459e-02
6.800000e-01 2.250000e-01 9.875171e-03 2.917770e-02 6.800000e-01 2.350000e-01 1.327138e-02 3.036015e-02
-5.700000e-01 2.350000e-01 8.981650e-02 -5.801459e-02 -5.700000e-01 2.450000e-01 8.583193e-02 -5.631069e-02
6.800000e-01 2.350000e-01 1.327138e-02 3.036015e-02 6.800000e-01 2.450000e-01 1.677185e-02 3.165805e-02
-5.700000e-01 2.450000e-01 8.583193e-02 -5.631069e-02 -5.700000e-01 2.550000e-01 8.176666e-02 -5.443233e-02
6.800000e-01 2.450000e-01 1.677185e-02 3.165805e-02 6.800000e-01 2.550000e-01 2.037220e-02 3.307476e-02
-5.700000e-01 2.550000e-01 8.176666e-02 -5.443233e-02 -5.650000e-01 2.600000e-01 8.414536e-02 -5.547552e-02
-5.650000e-01 2.600000e-01 8.414536e-02 -5.547552e-02 -5.600000e-01 2.650000e-01 8.642572e-02 -5.659790e-02
6.750000e-01 2.600000e-01 1.751654e-02 3.199650e-02 6.700000e-01 2.650000e-01 1.474826e-02 3.082828e-02
6.800000e-01 2.550000e-01 2.037220e-02 3.307476e-02 6.750000e-01 2.600000e-01 1.751654e-02 3.199650e-02
-5.600000e-01 2.650000e-01 8.642572e-02 -5.659790e-02 -5.600000e-01 2.750000e-01 8.212978e-02 -5.443583e-02
6.700000e-01 2.650000e-01 1.474826e-02 3.082828e-02 6.700000e-01 2.750000e-01 1.862196e-02 3.240266e-02
-5.600000e-01 2.750000e-01 8.212978e-02 -5.443583e-02 -5.550000e-01 2.800000e-01 8.425695e-02 -5.544385e-02
-5.550000e-01 2.800000e-01 8.425695e-02 -5.544385e-02 -5.500000e-01 2.850000e-01 8.628054e-02 -5.652579e-02
6.700000e-01 2.750000e-01 1.862196e-02 3.240266e-02 6.700000e-01 2.850000e-01 2.258245e-02 3.410894e-02
-5.500000e-01 2.850000e-01 8.628054e-02 -5.652579e-02 -5.450000e-01 2.900000e-01 8.823170e-02 -5.754348e-02
-5.450000e-01 2.900000e-01 8.823170e-02 -5.754348e-02 -5.400000e-01 2.950000e-01 9.007522e-02 -5.863224e-02
6.700000e-01 2.850000e-01 2.258245e-02 3.410894e-02 6.700000e-01 2.950000e-01 2.662508e-02 3.594945e-02
-5.400000e-01 2.950000e-01 9.007522e-02 -5.863224e-02 -5.400000e-01 3.050000e-01 8.543219e-02 -5.602766e-02
6.650000e-01 3.000000e-01 2.420310e-02 3.487809e-02 6.600000e-01 3.050000e-01 2.187720e-02 3.372406e-02
6.700000e-01 2.950000e-01 2.662508e-02 3.594945e-02 6.650000e-01 3.000000e-01 2.420310e-02 3.487809e-02
-5.400000e-01 3.050000e-01 8.543219e-02 -5.602766e-02 -5.350000e-01 3.100000e-01 8.713999e-02 -5.697456e-02
-5.350000e-01 3.100000e-01 8.713999e-02 -5.697456e-02 -5.300000e-01 3.150000e-01 8.873615e-02 -5.798596e-02
6.600000e-01 3.050000e-01 2.187720e-02 3.372406e-02 6.600000e-01 3.150000e-01 2.616021e-02 3.576863e-02
-5.300000e-01 3.150000e-01 8.873615e-02 -5.798596e-02 -5.300000e-01 3.250000e-01 8.392236e-02 -5.504082e-02
6.600000e-01 3.150000e-01 2.616021e-02 3.576863e-02 6.600000e-01 3.250000e-01 3.051105e-02 3.795762e-02
-5.300000e-01 3.250000e-01 8.392236e-02 -5.504082e-02 -5.250000e-01 3.300000e-01 8.539662e-02 -5.589591e-02
-5.250000e-01 3.300000e-01 8.539662e-02 -5.589591e-02 -5.200000e-01 3.350000e-01 8.675615e-02 -5.680824e-02
6.550000e-01 3.300000e-01 2.842334e-02 3.691818e-02 6.500000e-01 3.350000e-01 2.643766e-02 3.580298e-02
6.600000e-01 3.250000e-01 3.051105e-02 3.795762e-02 6.550000e-01 3.300000e-01 2.842334e-02 3.691818e-02
-5.200000e-01 3.350000e-01 8.675615e-02 -5.680824e-02 -5.150000e-01 3.400000e-01 8.806036e-02 -5.763665e-02
-5.150000e-01 3.400000e-01 8.806036e-02 -5.763665e-02 -5.100000e-01 3.450000e-01 8.924686e-02 -5.851820e-02
6.500000e-01 3.350000e-01 2.643766e-02 3.580298e-02 6.500000e-01 3.450000e-01 3.100052e-02 3.822860e-02
-5.100000e-01 3.450000e-01 8.924686e-02 -5.851820e-02 -5.100000e-01 3.550000e-01 8.418607e-02 -5.504366e-02
6.500000e-01 3.450000e-01 3.100052e-02 3.822860e-02 6.500000e-01 3.550000e-01 3.561642e-02 4.080633e-02
-5.100000e-01 3.550000e-01 8.418607e-02 -5.504366e-02 -5.050000e-01 3.600000e-01 8.527421e-02 -5.574693e-02
-5.050000e-01 3.600000e-01 8.527421e-02 -5.574693e-02 -5.000000e-01 3.650000e-01 8.624279e-02 -5.649526e-02
6.450000e-01 3.600000e-01 3.384628e-02 3.983967e-02 6.400000e-01 3.650000e-01 3.218283e-02 3.880533e-02
6.500000e-01 3.550000e-01 3.561642e-02 4.080633e-02 6.450000e-01 3.600000e-01 3.384628e-02 3.983967e-02
-5.000000e-01 3.650000e-01 8.624279e-02 -5.649526e-02 -4.950000e-01 3.700000e-01 8.716870e-02 -5.714977e-02
-4.950000e-01 3.700000e-01 8.716870e-02 -5.714977e-02 -4.900000e-01 3.750000e-01 8.797295e-02 -5.784458e-02
6.400000e-01 3.650000e-01 3.218283e-02 3.880533e-02 6.400000e-01 3.750000e-01 3.697957e-02 4.164773e-02
-4.900000e-01 3.750000e-01 8.797295e-02 -5.784458e-02 -4.900000e-01 3.850000e-01 8.273406e-02 -5.379998e-02
6.400000e-01 3.750000e-01 3.697957e-02 4.164773e-02 6.400000e-01 3.850000e-01 4.181428e-02 4.464663e-02
-4.900000e-01 3.850000e-01 8.273406e-02 -5.379998e-02 -4.850000e-01 3.900000e-01 8.346607e-02 -5.429886e-02
-4.850000e-01 3.900000e-01 8.346607e-02 -5.429886e-02 -4.800000e-01 3.950000e-01 8.407642e-02 -5.482961e-02
6.350000e-01 3.900000e-01 4.034055e-02 4.379125e-02 6.300000e-01 3.950000e-01 3.897650e-02 4.287731e-02
6.400000e-01 3.850000e-01 4.181428e-02 4.464663e-02 6.350000e-01 3.900000e-01 4.034055e-02 4.379125e-02
-4.800000e-01 3.950000e-01 8.407642e-02 -5.482961e-02 -4.750000e-01 4.000000e-01 8.465757e-02 -5.525888e-02
-4.750000e-01 4.000000e-01 8.465757e-02 -5.525888e-02 -4.700000e-01 4.050000e-01 8.511582e-02 -5.571473e-02
6.300000e-01 3.950000e-01 3.897650e-02 4.287731e-02 6.300000e-01 4.050000e-01 4.395879e-02 4.616371e-02
-4.700000e-01 4.050000e-01 8.511582e-02 -5.571473e-02 -4.650000e-01 4.100000e-01 8.555052e-02 -5.606791e-02
-4.650000e-01 4.100000e-01 8.555052e-02 -5.606791e-02 -4.600000e-01 4.150000e-01 8.586136e-02 -5.644040e-02
6.250000e-01 4.100000e-01 4.270542e-02 4.538498e-02 6.200000e-01 4.150000e-01 4.156374e-02 4.455427e-02
6.300000e-01 4.050000e-01 4.395879e-02 4.616371e-02 6.250000e-01 4.100000e-01 4.270542e-02 4.538498e-02
-4.600000e-01 4.150000e-01 8.586136e-02 -5.644040e-02 -4.600000e-01 4.250000e-01 8.047775e-02 -5.158908e-02
6.200000e-01 4.150000e-01 4.156374e-02 4.455427e-02 6.200000e-01 4.250000e-01 4.666978e-02 4.814487e-02
-4.600000e-01 4.250000e-01 8.047775e-02 -5.158908e-02 -4.550000e-01 4.300000e-01 8.075492e-02 -5.174793e-02
-4.550000e-01 4.300000e-01 8.075492e-02 -5.174793e-02 -4.500000e-01 4.350000e-01 8.091073e-02 -5.191928e-02
6.150000e-01 4.300000e-01 4.562496e-02 4.746183e-02 6.100000e-01 4.350000e-01 4.469310e-02 4.673391e-02
6.200000e-01 4.250000e-01 4.666978e-02 4.814487e-02 6.150000e-01 4.300000e-01 4.562496e-02 4.746183e-02
-4.500000e-01 4.350000e-01 8.091073e-02 -5.191928e-02 -4.450000e-01 4.400000e-01 8.105683e-02 -5.198207e-02
-4.450000e-01 4.400000e-01 8.105683e-02 -5.198207e-02 -4.400000e-01 4.450000e-01 8.108186e-02 -5.205181e-02
6.100000e-01 4.350000e-01 4.469310e-02 4.673391e-02 6.100000e-01 4.450000e-01 4.989855e-02 5.064089e-02
-4.400000e-01 4.450000e-01 8.108186e-02 -5.205181e-02 -4.350000e-01 4.500000e-01 8.110273e-02 -5.201124e-02
-4.350000e-01 4.500000e-01 8.110273e-02 -5.201124e-02 -4.300000e-01 4.550000e-01 8.100332e-02 -5.197201e-02
6.050000e-01 4.500000e-01 4.904912e-02 5.007161e-02 6.000000e-01 4.550000e-01 4.831300e-02 4.946481e-02
6.100000e-01 4.450000e-01 4.989855e-02 5.064089e-02 6.050000e-01 4.500000e-01 4.904912e-02 5.007161e-02
-4.300000e-01 4.550000e-01 8.100332e-02 -5.197201e-02 -4.250000e-01 4.600000e-01 8.090539e-02 -5.182115e-02
-4.250000e-01 4.600000e-01 8.090539e-02 -5.182115e-02 -4.200000e-01 4.650000e-01 8.068831e-02 -5.166605e-02
5.950000e-01 4.600000e-01 4.761216e-02 4.894172e-02 5.900000e-01 4.650000e-01 4.702577e-02 4.838565e-02
6.000000e-01 4.550000e-01 4.831300e-02 4.946481e-02 5.950000e-01 4.600000e-01 4.761216e-02 4.894172e-02
-4.200000e-01 4.650000e-01 8.068831e-02 -5.166605e-02 -4.150000e-01 4.700000e-01 8.047833e-02 -5.139837e-02
-4.150000e-01 4.700000e-01 8.047833e-02 -5.139837e-02 -4.100000e-01 4.750000e-01 8.015087e-02 -5.112078e-02
5.900000e-01 4.650000e-01 4.702577e-02 4.838565e-02 5.900000e-01 4.750000e-01 5.236879e-02 5.279104e-02
-4.100000e-01 4.750000e-01 8.015087e-02 -5.112078e-02 -4.050000e-01 4.800000e-01 7.983604e-02 -5.073013e-02
-4.050000e-01 4.800000e-01 7.983604e-02 -5.073013e-02 -4.000000e-01 4.850000e-01 7.940582e-02 -5.032398e-02
5.850000e-01 4.800000e-01 5.184062e-02 5.241008e-02 5.800000e-01 4.850000e-01 5.142577e-02 5.200391e-02
5.900000e-01 4.750000e-01 5.236879e-02 5.279104e-02 5.850000e-01 4.800000e-01 5.184062e-02 5.241008e-02
-4.000000e-01 4.850000e-01 7.940582e-02 -5.032398e-02 -3.950000e-01 4.900000e-01 7.899372e-02 -4.980470e-02
-3.950000e-01 4.900000e-01 7.899372e-02 -4.980470e-02 -3.900000e-01 4.950000e-01 7.846858e-02 -4.926444e-02
5.750000e-01 4.900000e-01 5.103381e-02 5.168863e-02 5.700000e-01 4.950000e-01 5.075533e-02 5.135300e-02
5.800000e-01 4.850000e-01 5.142577e-02 5.200391e-02 5.750000e-01 4.900000e-01 5.103381e-02 5.168863e-02
-3.900000e-01 4.950000e-01 7.846858e-02 -4.926444e-02 -3.850000e-01 5.000000e-01 7.796704e-02 -4.861116e-02
-3.850000e-01 5.000000e-01 7.796704e-02 -4.861116e-02 -3.800000e-01 5.050000e-01 7.735526e-02 -4.793167e-02
5.700000e-01 4.950000e-01 5.075533e-02 5.135300e-02 5.700000e-01 5.050000e-01 5.617083e-02 5.628482e-02
-3.800000e-01 5.050000e-01 7.735526e-02 -4.793167e-02 -3.750000e-01 5.100000e-01 7.677180e-02 -4.713642e-02
-3.750000e-01 5.100000e-01 7.677180e-02 -4.713642e-02 -3.700000e-01 5.150000e-01 7.608122e-02 -4.630970e-02
5.650000e-01 5.100000e-01 5.592531e-02 5.613668e-02 5.600000e-01 5.150000e-01 5.579084e-02 5.597602e-02
5.700000e-01 5.050000e-01 5.617083e-02 5.628482e-02 5.650000e-01 5.100000e-01 5.592531e-02 5.613668e-02
-3.700000e-01 5.150000e-01 7.608122e-02 -4.630970e-02 -3.650000e-01 5.200000e-01 7.542519e-02 -4.537479e-02
-3.650000e-01 5.200000e-01 7.542519e-02 -4.537479e-02 -3.600000e-01 5.250000e-01 7.466562e-02 -4.440341e-02
5.550000e-01 5.200000e-01 5.566647e-02 5.591138e-02 5.500000e-01 5.250000e-01 5.565243e-02 5.583920e-02
5.600000e-01 5.150000e-01 5.579084e-02 5.597602e-02 5.550000e-01 5.200000e-01 5.566647e-02 5.591138e-02
-3.600000e-01 5.250000e-01 7.466562e-02 -4.440341e-02 -3.550000e-01 5.300000e-01 7.394489e-02 -4.332206e-02
-3.550000e-01 5.300000e-01 7.394489e-02 -4.332206e-02 -3.500000e-01 5.350000e-01 7.312443e-02 -4.219946e-02
5.450000e-01 5.300000e-01 5.564336e-02 5.586514e-02 5.400000e-01 5.350000e-01 5.574346e-02 5.588863e-02
5.500000e-01 5.250000e-01 5.565243e-02 5.583920e-02 5.450000e-01 5.300000e-01 5.564336e-02 5.586514e-02
-3.500000e-01 5.350000e-01 7.312443e-02 -4.219946e-02 -3.450000e-01 5.400000e-01 7.234758e-02 -4.096856e-02
-3.450000e-01 5.400000e-01 7.234758e-02 -4.096856e-02 -3.400000e-01 5.450000e-01 7.147512e-02 -3.969176e-02
5.350000e-01 5.400000e-01 5.584348e-02 5.601201e-02 5.300000e-01 5.450000e-01 5.605110e-02 5.613802e-02
5.400000e-01 5.350000e-01 5.574346e-02 5.588863e-02 5.350000e-01 5.400000e-01 5.584348e-02 5.601201e-02
-3.400000e-01 5.450000e-01 7.147512e-02 -3.969176e-02 -3.350000e-01 5.500000e-01 7.065068e-02 -3.830869e-02
-3.350000e-01 5.500000e-01 7.065068e-02 -3.830869e-02 -3.300000e-01 5.550000e-01 6.973503e-02 -3.687543e-02
5.250000e-01 5.500000e-01 5.625352e-02 5.636530e-02 5.200000e-01 5.550000e-01 5.656167e-02 5.660033e-02
5.300000e-01 5.450000e-01 5.605110e-02 5.613802e-02 5.250000e-01 5.500000e-01 5.625352e-02 5.636530e-02
-3.300000e-01 5.550000e-01 6.973503e-02 -3.687543e-02 -3.250000e-01 5.600000e-01 6.887152e-02 -3.533811e-02
-3.250000e-01 5.600000e-01 6.887152e-02 -3.533811e-02 -3.150000e-01 5.600000e-01 7.175141e-02 -4.011876e-02
-3.150000e-01 5.600000e-01 7.175141e-02 -4.011876e-02 -3.100000e-01 5.650000e-01 7.071615e-02 -3.846973e-02
5.150000e-01 5.600000e-01 5.685954e-02 5.693775e-02 5.100000e-01 5.650000e-01 5.726085e-02 5.728793e-02
5.200000e-01 5.550000e-01 5.656167e-02 5.660033e-02 5.150000e-01 5.600000e-01 5.685954e-02 5.693775e-02
-3.100000e-01 5.650000e-01 7.071615e-02 -3.846973e-02 -3.050000e-01 5.700000e-01 6.974030e-02 -3.671890e-02
-3.050000e-01 5.700000e-01 6.974030e-02 -3.671890e-02 -3.000000e-01 5.750000e-01 6.868435e-02 -3.490679e-02
5.050000e-01 5.700000e-01 5.764661e-02 5.774266e-02 5.000000e-01 5.750000e-01 5.813342e-02 5.821378e-02
5.100000e-01 5.650000e-01 5.726085e-02 5.728793e-02 5.050000e-01 5.700000e-01 5.764661e-02 5.774266e-02
-3.000000e-01 5.750000e-01 6.868435e-02 -3.490679e-02 -2.950000e-01 5.800000e-01 6.769140e-02 -3.299598e-02
-2.950000e-01 5.800000e-01 6.769140e-02 -3.299598e-02 -2.900000e-01 5.850000e-01 6.662347e-02 -3.102056e-02
4.950000e-01 5.800000e-01 5.859994e-02 5.878850e-02 4.900000e-01 5.850000e-01 5.916413e-02 5.938729e-02
5.000000e-01 5.750000e-01 5.813342e-02 5.821378e-02 4.950000e-01 5.800000e-01 5.859994e-02 5.878850e-02
-2.900000e-01 5.850000e-01 6.662347e-02 -3.102056e-02 -2.850000e-01 5.900000e-01 6.562170e-02 -2.894965e-02
-2.850000e-01 5.900000e-01 6.562170e-02 -2.894965e-02 -2.750000e-01 5.900000e-01 6.783787e-02 -3.330902e-02
-2.750000e-01 5.900000e-01 6.783787e-02 -3.330902e-02 -2.700000e-01 5.950000e-01 6.669928e-02 -3.109977e-02
4.850000e-01 5.900000e-01 5.970340e-02 6.008818e-02 4.800000e-01 5.950000e-01 6.033729e-02 6.081662e-02
4.900000e-01 5.850000e-01 5.916413e-02 5.938729e-02 4.850000e-01 5.900000e-01 5.970340e-02 6.008818e-02
-2.700000e-01 5.950000e-01 6.669928e-02 -3.109977e-02 -2.650000e-01 6.000000e-01 6.563272e-02 -2.879884e-02
-2.650000e-01 6.000000e-01 6.563272e-02 -2.879884e-02 -2.600000e-01 6.050000e-01 6.450455e-02 -2.642467e-02
4.750000e-01 6.000000e-01 6.094137e-02 6.164829e-02 4.700000e-01 6.050000e-01 6.163648e-02 6.251208e-02
4.800000e-01 5.950000e-01 6.033729e-02 6.081662e-02 4.750000e-01 6.000000e-01 6.094137e-02 6.164829e-02
-2.600000e-01 6.050000e-01 6.450455e-02 -2.642467e-02 -2.550000e-01 6.100000e-01 6.345075e-02 -2.396251e-02
-2.550000e-01 6.100000e-01 6.345075e-02 -2.396251e-02 -2.450000e-01 6.100000e-01 6.523169e-02 -2.796365e-02
-2.450000e-01 6.100000e-01 6.523169e-02 -2.796365e-02 -2.400000e-01 6.150000e-01 6.406886e-02 -2.534796e-02
4.650000e-01 6.100000e-01 6.229722e-02 6.347852e-02 4.600000e-01 6.150000e-01 6.304520e-02 6.448155e-02
4.700000e-01 6.050000e-01 6.163648e-02 6.251208e-02 4.650000e-01 6.100000e-01 6.229722e-02 6.347852e-02
-2.400000e-01 6.150000e-01 6.406886e-02 -2.534796e-02 -2.350000e-01 6.200000e-01 6.298511e-02 -2.264905e-02
-2.350000e-01 6.200000e-01 6.298511e-02 -2.264905e-02 -2.250000e-01 6.200000e-01 6.448578e-02 -2.641237e-02
-2.250000e-01 6.200000e-01 6.448578e-02 -2.641237e-02 -2.200000e-01 6.250000e-01 6.331080e-02 -2.355134e-02
4.450000e-01 6.200000e-01 6.025619e-02 6.050276e-02 4.400000e-01 6.250000e-01 6.113062e-02 6.169230e-02
4.450000e-01 6.200000e-01 6.025619e-02 6.050276e-02 4.550000e-01 6.200000e-01 6.375443e-02 6.558620e-02
4.600000e-01 6.150000e-01 6.304520e-02 6.448155e-02 4.550000e-01 6.200000e-01 6.375443e-02 6.558620e-02
-2.200000e-01 6.250000e-01 6.331080e-02 -2.355134e-02 -2.150000e-01 6.300000e-01 6.221879e-02 -2.061235e-02
-2.150000e-01 6.300000e-01 6.221879e-02 -2.061235e-02 -2.100000e-01 6.350000e-01 6.108866e-02 -1.758986e-02
4.350000e-01 6.300000e-01 6.195906e-02 6.298316e-02 4.300000e-01 6.350000e-01 6.286501e-02 6.432206e-02
4.400000e-01 6.250000e-01 6.113062e-02 6.169230e-02 4.350000e-01 6.300000e-01 6.195906e-02 6.298316e-02
-2.100000e-01 6.350000e-01 6.108866e-02 -1.758986e-02 -2.050000e-01 6.400000e-01 6.004248e-02 -1.449369e-02
-2.050000e-01 6.400000e-01 6.004248e-02 -1.449369e-02 -1.950000e-01 6.400000e-01 6.122177e-02 -1.783083e-02
-1.950000e-01 6.400000e-01 6.122177e-02 -1.783083e-02 -1.900000e-01 6.450000e-01 6.011450e-02 -1.456414e-02
4.150000e-01 6.400000e-01 6.070537e-02 6.088658e-02 4.100000e-01 6.450000e-01 6.170532e-02 6.243153e-02
4.150000e-01 6.400000e-01 6.070537e-02 6.088658e-02 4.250000e-01 6.400000e-01 6.372108e-02 6.576051e-02
4.300000e-01 6.350000e-01 6.286501e-02 6.432206e-02 4.250000e-01 6.400000e-01 6.372108e-02 6.576051e-02
-1.900000e-01 6.450000e-01 6.011450e-02 -1.456414e-02 -1.850000e-01 6.500000e-01 5.909366e-02 -1.122961e-02
-1.850000e-01 6.500000e-01 5.909366e-02 -1.122961e-02 -1.750000e-01 6.500000e-01 6.006531e-02 -1.428959e-02
-1.750000e-01 6.500000e-01 6.006531e-02 -1.428959e-02 -1.700000e-01 6.550000e-01 5.900230e-02 -1.078031e-02
4.050000e-01 6.500000e-01 6.264874e-02 6.407454e-02 4.000000e-01 6.550000e-01 6.365817e-02 6.577572e-02
4.100000e-01 6.450000e-01 6.170532e-02 6.243153e-02 4.050000e-01 6.500000e-01 6.264874e-02 6.407454e-02
-1.700000e-01 6.550000e-01 5.900230e-02 -1.078031e-02 -1.650000e-01 6.600000e-01 5.802741e-02 -7.209029e-03
-1.650000e-01 6.600000e-01 5.802741e-02 -7.209029e-03 -1.550000e-01 6.600000e-01 5.882089e-02 -9.980168e-03
-1.550000e-01 6.600000e-01 5.882089e-02 -9.980168e-03 -1.450000e-01 6.600000e-01 5.947630e-02 -1.263234e-02
-1.450000e-01 6.600000e-01 5.947630e-02 -1.263234e-02 -1.400000e-01 6.650000e-01 5.847274e-02 -8.793316e-03
3.850000e-01 6.600000e-01 6.202246e-02 6.296543e-02 3.800000e-01 6.650000e-01 6.309158e-02 6.488756e-02
3.850000e-01 6.600000e-01 6.202246e-02 6.296543e-02 3.950000e-01 6.600000e-01 6.460788e-02 6.757245e-02
4.000000e-01 6.550000e-01 6.365817e-02 6.577572e-02 3.950000e-01 6.600000e-01 6.460788e-02 6.757245e-02
-1.400000e-01 6.650000e-01 5.847274e-02 -8.793316e-03 -1.350000e-01 6.700000e-01 5.755926e-02 -4.900532e-03
-1.350000e-01 6.700000e-01 5.755926e-02 -4.900532e-03 -1.250000e-01 6.700000e-01 5.807894e-02 -7.248001e-03
-1.250000e-01 6.700000e-01 5.807894e-02 -7.248001e-03 -1.200000e-01 6.750000e-01 5.716937e-02 -3.175330e-03
3.650000e-01 6.700000e-01 6.178104e-02 6.247441e-02 3.600000e-01 6.750000e-01 6.288831e-02 6.462567e-02
3.650000e-01 6.700000e-01 6.178104e-02 6.247441e-02 3.750000e-01 6.700000e-01 6.409520e-02 6.690256e-02
3.800000e-01 6.650000e-01 6.309158e-02 6.488756e-02 3.750000e-01 6.700000e-01 6.409520e-02 6.690256e-02
-1.200000e-01 6.750000e-01 5.716937e-02 -3.175330e-03 -1.150000e-01 6.800000e-01 5.634950e-02 9.450245e-04
-1.150000e-01 6.800000e-01 5.634950e-02 9.450245e-04 -1.050000e-01 6.800000e-01 5.676485e-02 -1.092501e-03
-1.050000e-01 6.800000e-01 5.676485e-02 -1.092501e-03 -9.500000e-02 6.800000e-01 5.707167e-02 -2.995021e-03
-9.500000e-02 6.800000e-01 5.707167e-02 -2.995021e-03 -9.000000e-02 6.850000e-01 5.629158e-02 1.393495e-03
3.350000e-01 6.800000e-01 5.994364e-02 5.847376e-02 3.300000e-01 6.850000e-01 6.110607e-02 6.093722e-02
3.350000e-01 6.800000e-01 5.994364e-02 5.847376e-02 3.450000e-01 6.800000e-01 6.185964e-02 6.263744e-02
3.450000e-01 6.800000e-01 6.185964e-02 6.263744e-02 3.550000e-01 6.800000e-01 6.392489e-02 6.686639e-02
3.600000e-01 6.750000e-01 6.288831e-02 6.462567e-02 3.550000e-01 6.800000e-01 6.392489e-02 6.686639e-02
-9.000000e-02 6.850000e-01 5.629158e-02 1.393495e-03 -8.500000e-02 6.900000e-01 5.560032e-02 5.821290e-03
-8.500000e-02 6.900000e-01 5.560032e-02 5.821290e-03 -7.500000e-02 6.900000e-01 5.584750e-02 4.235210e-03
-7.500000e-02 6.900000e-01 5.584750e-02 4.235210e-03 -6.500000e-02 6.900000e-01 5.600503e-02 2.791228e-03
-6.500000e-02 6.900000e-01 5.600503e-02 2.791228e-03 -6.000000e-02 6.950000e-01 5.539249e-02 7.482059e-03
3.050000e-01 6.900000e-01 5.893052e-02 5.569202e-02 3.000000e-01 6.950000e-01 6.010460e-02 5.848152e-02
3.050000e-01 6.900000e-01 5.893052e-02 5.569202e-02 3.150000e-01 6.900000e-01 6.049127e-02 5.954892e-02
3.150000e-01 6.900000e-01 6.049127e-02 5.954892e-02 3.250000e-01 6.900000e-01 6.219093e-02 6.348527e-02
3.300000e-01 6.850000e-01 6.110607e-02 6.093722e-02 3.250000e-01 6.900000e-01 6.219093e-02 6.348527e-02
-6.000000e-02 6.950000e-01 5.539249e-02 7.482059e-03 -5.500000e-02 7.000000e-01 5.486625e-02 1.220412e-02
-5.500000e-02 7.000000e-01 5.486625e-02 1.220412e-02 -4.500000e-02 7.000000e-01 5.500882e-02 1.107754e-02
-4.500000e-02 7.000000e-01 5.500882e-02 1.107754e-02 -3.500000e-02 7.000000e-01 5.508150e-02 1.009775e-02
-3.500000e-02 7.000000e-01 5.508150e-02 1.009775e-02 -2.500000e-02 7.000000e-01 5.509028e-02 9.266984e-03
-2.500000e-02 7.000000e-01 5.509028e-02 9.266984e-03 -2.000000e-02 7.050000e-01 5.472605e-02 1.432540e-02
2.750000e-01 7.000000e-01 5.855938e-02 5.423243e-02 2.700000e-01 7.050000e-01 5.970084e-02 5.735643e-02
2.750000e-01 7.000000e-01 5.855938e-02 5.423243e-02 2.850000e-01 7.000000e-01 5.981437e-02 5.774481e-02
2.850000e-01 7.000000e-01 5.981437e-02 5.774481e-02 2.950000e-01 7.000000e-01 6.119555e-02 6.134958e-02
3.000000e-01 6.950000e-01 6.010460e-02 5.848152e-02 2.950000e-01 7.000000e-01 6.119555e-02 6.134958e-02
-2.000000e-02 7.050000e-01 5.472605e-02 1.432540e-02 -1.500000e-02 7.100000e-01 5.444330e-02 1.940539e-02
-1.500000e-02 7.100000e-01 5.444330e-02 1.940539e-02 -5.000000e-03 7.100000e-01 5.449469e-02 1.888760e-02
-5.000000e-03 7.100000e-01 5.449469e-02 1.888760e-02 5.000000e-03 7.100000e-01 5.450253e-02 1.852032e-02
5.000000e-03 7.100000e-01 5.450253e-02 1.852032e-02 1.500000e-02 7.100000e-01 5.447321e-02 1.830479e-02
1.500000e-02 7.100000e-01 5.447321e-02 1.830479e-02 2.500000e-02 7.100000e-01 5.441321e-02 1.824184e-02
2.500000e-02 7.100000e-01 5.441321e-02 1.824184e-02 3.000000e-02 7.150000e-01 5.441637e-02 2.370879e-02
2.250000e-01 7.100000e-01 5.694566e-02 4.823448e-02 2.200000e-01 7.150000e-01 5.799762e-02 5.187866e-02
2.250000e-01 7.100000e-01 5.694566e-02 4.823448e-02 2.350000e-01 7.100000e-01 5.773906e-02 5.114957e-02
2.350000e-01 7.100000e-01 5.773906e-02 5.114957e-02 2.450000e-01 7.100000e-01 5.863566e-02 5.417683e-02
2.450000e-01 7.100000e-01 5.863566e-02 5.417683e-02 2.550000e-01 7.100000e-01 5.963970e-02 5.731233e-02
2.550000e-01 7.100000e-01 5.963970e-02 5.731233e-02 2.650000e-01 7.100000e-01 6.075512e-02 6.055196e-02
2.700000e-01 7.050000e-01 5.970084e-02 5.735643e-02 2.650000e-01 7.100000e-01 6.075512e-02 6.055196e-02
3.000000e-02 7.150000e-01 5.441637e-02 2.370879e-02 3.500000e-02 7.200000e-01 5.449236e-02 2.918688e-02
3.500000e-02 7.200000e-01 5.449236e-02 2.918688e-02 4.500000e-02 7.200000e-01 5.454280e-02 2.942124e-02
4.500000e-02 7.200000e-01 5.454280e-02 2.942124e-02 5.500000e-02 7.200000e-01 5.458252e-02 2.980581e-02
5.500000e-02 7.200000e-01 5.458252e-02 2.980581e-02 6.500000e-02 7.200000e-01 5.461802e-02 3.034052e-02
6.500000e-02 7.200000e-01 5.461802e-02 3.034052e-02 7.500000e-02 7.200000e-01 5.465579e-02 3.102496e-02
7.500000e-02 7.200000e-01 5.465579e-02 3.102496e-02 8.500000e-02 7.200000e-01 5.470234e-02 3.185865e-02
8.500000e-02 7.200000e-01 5.470234e-02 3.185865e-02 9.500000e-02 7.200000e-01 5.476415e-02 3.284070e-02
9.500000e-02 7.200000e-01 5.476415e-02 3.284070e-02 1.050000e-01 7.200000e-01 5.484767e-02 3.397021e-02
1.050000e-01 7.200000e-01 5.484767e-02 3.397021e-02 1.150000e-01 7.200000e-01 5.495931e-02 3.524563e-02
1.150000e-01 7.200000e-01 5.495931e-02 3.524563e-02 1.250000e-01 7.200000e-01 5.510538e-02 3.666553e-02
1.250000e-01 7.200000e-01 5.510538e-02 3.666553e-02 1.350000e-01 7.200000e-01 5.529214e-02 3.822813e-02
1.350000e-01 7.200000e-01 5.529214e-02 3.822813e-02 1.450000e-01 7.200000e-01 5.552569e-02 3.993145e-02
1.450000e-01 7.200000e-01 5.552569e-02 3.993145e-02 1.550000e-01 7.200000e-01 5.581209e-02 4.177329e-02
1.550000e-01 7.200000e-01 5.581209e-02 4.177329e-02 1.650000e-01 7.200000e-01 5.615719e-02 4.375109e-02
1.650000e-01 7.200000e-01 5.615719e-02 4.375109e-02 1.750000e-01 7.200000e-01 5.656674e-02 4.586235e-02
1.750000e-01 7.200000e-01 5.656674e-02 4.586235e-02 1.850000e-01 7.200000e-01 5.704629e-02 4.810426e-02
1.850000e-01 7.200000e-01 5.704629e-02 4.810426e-02 1.950000e-01 7.200000e-01 5.760127e-02 5.047378e-02
1.950000e-01 7.200000e-01 5.760127e-02 5.047378e-02 2.050000e-01 7.200000e-01 5.823684e-02 5.296776e-02
2.050000e-01 7.200000e-01 5.823684e-02 5.296776e-02 2.150000e-01 7.200000e-01 5.895804e-02 5.558297e-02
2.200000e-01 7.150000e-01 5.799762e-02 5.187866e-02 2.150000e-01 7.200000e-01 5.895804e-02 5.558297e-02
